WAVELENGTH	THROUGHPUT
1989.69287109375	0.0
1989.846435546875	4.582741303247238e-12
1990.0	3.823637183144117e-11
1999.84814453125	1.8739294242333047e-09
2000.0	1.9013832193088817e-09
2009.849853515625	3.6627574320151156e-09
2010.0	3.6149309236500594e-09
2019.8516845703125	4.4016226278892334e-10
2020.0	4.4426309521829395e-10
2029.853515625	7.190605113651917e-10
2030.0	7.747485656821294e-10
2039.8553466796875	4.563983317672368e-09
2040.0	4.509798573881276e-09
2049.857177734375	7.758653039159904e-10
2050.0	7.912404892641387e-10
2059.85888671875	1.867812320503739e-09
2060.0	1.8555016308359771e-09
2069.86083984375	9.838297789355442e-10
2070.0	9.704771592355227e-10
2079.86279296875	1.1966483187089295e-11
2080.0	6.907198395189429e-11
2089.86474609375	4.2256659996293895e-09
2090.0	4.236145704726224e-09
2099.86669921875	5.008927491882547e-09
2100.0	4.985570935698661e-09
2109.86865234375	3.3032931564082636e-09
2110.0	3.2643753713815295e-09
2119.87060546875	2.396774110428616e-10
2120.0	2.4793006762793173e-10
2129.87255859375	8.971404312136939e-10
2130.0	9.42962506746814e-10
2139.87451171875	4.6077306291991215e-09
2140.0	4.623309092131623e-09
2149.876708984375	5.88435068267619e-09
2150.0	5.889666516130903e-09
2159.878662109375	6.323950829063441e-09
2160.0	6.292282459444891e-09
2169.880615234375	3.6260398128372214e-09
2170.0	3.5964093035730213e-09
2179.8828125	1.0703525013204819e-09
2180.0	1.0583616457277471e-09
2189.884765625	1.619761216855021e-11
2190.0	2.580444693332459e-11
2199.886962890625	8.739585161571126e-10
2200.0	9.164022117525774e-10
2209.888916015625	4.744838485848467e-09
2210.0	4.774282626910094e-09
2219.89111328125	7.477659273333398e-09
2220.0	7.461906102844364e-09
2229.893310546875	5.9802272368436825e-09
2230.0	5.976353873054998e-09
2239.8955078125	5.572105162068336e-09
2240.0	5.616633086818497e-09
2249.8974609375	9.92129770411864e-09
2250.0	9.90174514479948e-09
2259.899658203125	7.972604181006195e-09
2260.0	7.964654178004053e-09
2269.90185546875	7.156849671513543e-09
2270.0	7.141243842053338e-09
2279.904052734375	5.526989073028729e-09
2280.0	5.531884776852968e-09
2289.90625	6.039119721763939e-09
2290.0	6.0828739314577764e-09
2299.908447265625	1.0806269966461602e-08
2300.0	1.0760919528353788e-08
2309.910400390625	5.713268570523258e-09
2310.0	5.713135935383766e-09
2319.912841796875	5.696084372577341e-09
2320.0	5.703037739728408e-09
2329.9150390625	6.497123833833104e-09
2330.0	6.517020543725465e-09
2339.917236328125	8.875456631746244e-09
2340.0	8.873432409076607e-09
2349.91943359375	8.624760058472387e-09
2350.0	8.601760334217977e-09
2359.921630859375	5.72927108883869e-09
2360.0	5.7440059733420685e-09
2369.923828125	7.625502804632559e-09
2370.0	7.611450108174916e-09
2379.926025390625	5.761909941262935e-09
2380.0	5.7729142590307276e-09
2389.928466796875	7.266995702666264e-09
2390.0	7.253653180515069e-09
2399.9306640625	5.371808464026903e-09
2400.0	5.335563764657966e-09
2409.932861328125	8.273628308157685e-11
2410.0	1.591601084077948e-10
2419.935302734375	1.1459677684578995e-08
2420.0	1.1428830988844048e-08
2429.9375	6.6939685401976725e-09
2430.0	6.695221281924192e-09
2439.939697265625	6.877785915095061e-09
2440.0	6.888835056969436e-09
2449.942138671875	8.712022924796459e-09
2450.0	8.68988334482922e-09
2459.9443359375	4.893875853372179e-09
2460.0	4.948284244152807e-09
2469.94677734375	1.4632511301574278e-08
2470.0	1.4608263310026973e-08
2479.948974609375	1.0100220628944765e-08
2480.0	1.0112757398361191e-08
2489.951416015625	1.2551390921665708e-08
2490.0	1.2534202053814623e-08
2499.95361328125	9.013432884660094e-09
2500.0	9.003262358900263e-09
2509.9560546875	6.810795307700724e-09
2510.0	6.8013436859016465e-09
2519.958251953125	4.672368560833692e-09
2520.0	4.652846497587422e-09
2529.960693359375	2.3298950893691215e-11
2530.0	4.1735502617658624e-11
2539.962890625	4.6861779788728876e-09
2540.0	4.6916139662697345e-09
2549.96533203125	6.14226287391532e-09
2550.0	6.145082577356769e-09
2559.9677734375	6.944197773208855e-09
2560.0	6.959003592609464e-09
2569.969970703125	1.1516947103971557e-08
2570.0	1.1496420426669602e-08
2579.972412109375	4.722297349334557e-09
2580.0	4.7389505724131455e-09
2589.974853515625	1.0712006744569883e-08
2590.0	1.0703507493907222e-08
2599.97705078125	7.362315145429047e-09
2600.0	7.35317364470765e-09
2609.9794921875	3.386818895487689e-09
2610.0	3.407087197309475e-09
2619.98193359375	1.3147037836984626e-08
2620.0	1.314409188195972e-08
2629.984375	1.1544954942942147e-08
2630.0	1.1537532777232038e-08
2639.986572265625	6.851046703180321e-09
2640.0	6.850821334657952e-09
2649.989013671875	6.677991583658117e-09
2650.0	6.677646571279145e-09
2659.991455078125	6.372546980862094e-09
2660.0	6.374414082871302e-09
2669.993896484375	8.531184657686017e-09
2670.0	8.525928630494877e-09
2679.99609375	2.0218402982909267e-11
2680.0	2.181325443081304e-11
2689.99853515625	4.053999769389433e-09
2690.0	4.054583818409709e-09
2700.0	7.991265025011358e-09
2700.0009765625	7.991653433622975e-09
2710.0	7.2688887953266725e-09
2710.00341796875	7.26864431342446e-09
2720.0	4.640714765998249e-09
2720.005859375	4.639174956768825e-09
2730.0	5.038345296149894e-09
2730.00830078125	5.0386729309409055e-09
2740.0	4.525203200157509e-09
2740.0107421875	4.524656299031108e-09
2750.0	1.0260859855703436e-08
2750.01318359375	1.0268415564432802e-08
2760.0	3.5618077571314195e-11
2760.015625	1.962818564285378e-11
2770.0	1.1247021867431552e-08
2770.01806640625	1.126733063575847e-08
2780.0	1.1458607495450658e-08
2780.0205078125	1.1458978977227326e-08
2790.0	9.704348910007107e-10
2790.02294921875	9.463472595815545e-10
2800.0	4.389001537545911e-09
2800.025390625	4.3978162033793075e-09
2810.0	5.1290302130568546e-09
2810.02783203125	5.131067073642983e-09
2820.0	7.959599303859968e-09
2820.0302734375	7.968240504349054e-09
2830.0	4.810177503053411e-09
2830.03271484375	4.7997347327987475e-09
2840.0	6.419968399541898e-09
2840.03515625	6.425719232860512e-09
2850.0	8.885176003166751e-09
2850.03759765625	8.894489174069783e-09
2860.0	7.53588496089395e-09
2860.0400390625	7.53037724010759e-09
2870.0	5.2081293963074044e-11
2870.04248046875	2.0098517036584186e-11
2880.0	5.378494564858577e-09
2880.044921875	5.402733615599149e-09
2890.0	9.042814825135444e-09
2890.04736328125	9.0602187228645e-09
2900.0	9.698614949183214e-11
2900.0498046875	5.1971624154213785e-11
2910.0	1.0011719756188029e-08
2910.05224609375	1.0064369884763284e-08
2920.0	3.069270064922232e-09
2920.0546875	3.030568314291248e-09
2930.0	1.1980875421471087e-08
2930.057373046875	1.2032836935974863e-08
2940.0	1.468134116901126e-08
2940.059814453125	1.4697456059041089e-08
2950.0	2.072517203770342e-08
2950.062255859375	2.0763202097220225e-08
2960.0	1.6243603915156332e-08
2960.064697265625	1.6213859619689e-08
2970.0	1.322669921173021e-08
2970.067138671875	1.3206456090368952e-08
2980.0	2.5737717682432837e-08
2980.069580078125	2.5825979803973798e-08
2990.0	4.2151650404265976e-08
2990.072265625	4.2271484657001626e-08
3000.0	3.769431625222743e-08
3000.07470703125	3.765752007039959e-08
3010.0	5.6212348946107723e-08
3010.0771484375	5.63569409700535e-08
3020.0	4.5776444329581316e-08
3020.07958984375	4.569151177356504e-08
3030.0	5.4765235944744405e-08
3030.082275390625	5.484011477698662e-08
3040.0	5.4830613307213346e-08
3040.084716796875	5.483094408164629e-08
3050.0	7.247777582163317e-08
3050.087158203125	7.263243173467978e-08
3060.0	5.442194532960653e-08
3060.089599609375	5.4257816009977396e-08
3070.0	8.115249767135671e-08
3070.09228515625	8.140242987400736e-08
3080.0	1.0651909700687779e-07
3080.0947265625	1.0676007449623854e-07
3090.0	1.266732028604284e-07
3090.09716796875	1.2686756182072267e-07
3100.0	1.258664602220236e-07
3100.099609375	1.258575058956262e-07
3110.0	1.465202621796452e-07
3110.102294921875	1.4673388741888697e-07
3120.0	1.807280218880251e-07
3120.104736328125	1.8108627220842394e-07
3130.0	1.9685510584666828e-07
3130.107177734375	1.9702773068486887e-07
3140.0	2.0116565010222916e-07
3140.10986328125	2.0120966089114287e-07
3150.0	2.2794997917942466e-07
3150.1123046875	2.282558128354355e-07
3160.0	2.5501402778592603e-07
3160.11474609375	2.553221229938024e-07
3170.0	2.52803226766994e-07
3170.1171875	2.527759987105038e-07
3180.0	2.5680876702124656e-07
3180.119873046875	2.568549669248902e-07
3190.0	2.5584825836384876e-07
3190.122314453125	2.5583856942934416e-07
3200.0	2.568205182142481e-07
3200.125	2.568264743295444e-07
3210.0	2.5703221428291515e-07
3210.12744140625	2.570377657883093e-07
3220.0	2.740455855936011e-07
3220.1298828125	2.7426605683209337e-07
3230.0	2.779625090210861e-07
3230.132568359375	2.7801533786178447e-07
3240.0	2.58250632745481e-07
3240.135009765625	2.5797726214402716e-07
3250.0	2.67121124073666e-07
3250.1376953125	2.6725182291976757e-07
3260.0	2.8518932958474615e-07
3260.14013671875	2.8544051678752434e-07
3270.0	2.6645807251144946e-07
3270.142578125	2.661873306711526e-07
3280.0	2.755438713455704e-07
3280.145263671875	2.756781299280312e-07
3290.0	2.9058169310410294e-07
3290.147705078125	2.9080854509686765e-07
3300.0	2.8459993530369707e-07
3300.150390625	2.845014379560579e-07
3310.0	2.8154363350025026e-07
3310.15283203125	2.815016171853009e-07
3320.0	2.7958375772966286e-07
3320.1552734375	2.795496960436819e-07
3330.0	2.7545028168814614e-07
3330.157958984375	2.7538843885551326e-07
3340.0	2.4862758608089377e-07
3340.160400390625	2.48188182459748e-07
3350.0	2.442863233948471e-07
3350.1630859375	2.442252559238586e-07
3360.0	2.4423233804207903e-07
3360.16552734375	2.442289024354396e-07
3370.0	2.4762664259201986e-07
3370.168212890625	2.476883642414768e-07
3380.0	2.6701873960244726e-07
3380.170654296875	2.673500801405388e-07
3390.0	2.885893252423771e-07
3390.173095703125	2.88967219468878e-07
3400.0	3.252852283428037e-07
3400.17578125	3.259000043991301e-07
3410.0	3.1357072223074606e-07
3410.17822265625	3.133532126565183e-07
3420.0	3.2656113826962894e-07
3420.180908203125	3.2679762519101175e-07
3430.0	3.37022380643432e-07
3430.183349609375	3.3721686053870786e-07
3440.0	3.307892407145705e-07
3440.18603515625	3.306625270754608e-07
3450.0	3.3933890712627215e-07
3450.188720703125	3.3950996112763645e-07
3460.0	3.458832324429094e-07
3460.191162109375	3.460005936907638e-07
3470.0	3.776767617884078e-07
3470.193603515625	3.7829735352938143e-07
3480.0	3.57585652083978e-07
3480.1962890625	3.571798126411234e-07
3490.0	3.182332672319329e-07
3490.19873046875	3.174428572550337e-07
3500.0	3.412393337147562e-07
3500.201416015625	3.4173064601028916e-07
3510.0	3.0487956280405843e-07
3510.2041015625	3.041110434059235e-07
3520.0	3.193086411655899e-07
3520.20654296875	3.196322787676585e-07
3530.0	2.753828312212963e-07
3530.208984375	2.744392921213206e-07
3540.0	2.2519751630116873e-07
3540.211669921875	2.2414460546812496e-07
3550.0	2.212312983814899e-07
3550.21435546875	2.2116354908684312e-07
3560.0	2.0816379048296396e-07
3560.216796875	2.0787767154609419e-07
3570.0	2.0097403110031797e-07
3570.219482421875	2.0082392309143687e-07
3580.0	2.6187215200836326e-07
3580.221923828125	2.632428627679435e-07
3590.0	2.8429775574279716e-07
3590.224609375	2.8478301490200296e-07
3600.0	3.1282582444291593e-07
3600.22705078125	3.135359373773733e-07
3610.0	3.370836026936741e-07
3610.229736328125	3.3764511676511536e-07
3620.0	3.4069074558307595e-07
3620.232421875	3.407564656050118e-07
3630.0	3.598853414937411e-07
3630.23486328125	3.6034499812064505e-07
3640.0	3.5676496007218014e-07
3640.237548828125	3.566850838143457e-07
3650.0	3.387432728839203e-07
3650.239990234375	3.382938188518612e-07
3660.0	3.3535868046409447e-07
3660.24267578125	3.3529264448609616e-07
3670.0	2.9738708810008326e-07
3670.2451171875	2.964257358110016e-07
3680.0	3.2089099622025644e-07
3680.247802734375	3.2151371913375187e-07
3690.0	3.063060238668053e-07
3690.25048828125	3.0592126022691896e-07
3700.0	3.266635132704428e-07
3700.2529296875	3.271959323966591e-07
3710.0	3.2901040484697645e-07
3710.255615234375	3.290653608342498e-07
3720.0	3.41196433462888e-07
3720.25830078125	3.4151119877501513e-07
3730.0	3.573812264068691e-07
3730.2607421875	3.5780682568351744e-07
3740.0	3.6552456857669265e-07
3740.26318359375	3.6574183058574754e-07
3750.0	3.690020013066075e-07
3750.265869140625	3.6908269002748774e-07
3760.0	3.731116529204353e-07
3760.2685546875	3.7323168463266784e-07
3770.0	3.4737228186797e-07
3770.27099609375	3.46641870999629e-07
3780.0	3.316986561749596e-07
3780.273681640625	3.312774207938531e-07
3790.0	3.0227836222253024e-07
3790.2763671875	3.0145991534852876e-07
3800.0	3.256282343878551e-07
3800.27880859375	3.263508444468718e-07
3810.0	3.054414748518912e-07
3810.281494140625	3.0483211493682967e-07
3820.0	3.221654588551421e-07
3820.2841796875	3.226828736155734e-07
3830.0	3.4297997816694187e-07
3830.28662109375	3.4357376972497234e-07
3840.0	3.810331548394348e-07
3840.289306640625	3.8216446068466267e-07
3850.0	3.592345091415273e-07
3850.2919921875	3.5853094301309804e-07
3860.0	3.9733984468018133e-07
3860.29443359375	3.9852313335472335e-07
3870.0	4.236900667721192e-07
3870.297119140625	4.244753367514605e-07
3880.0	3.9413521828606354e-07
3880.2998046875	3.9318097614269993e-07
3890.0	3.6932588094780146e-07
3890.30224609375	3.685779998703302e-07
3900.0	3.8273466277410686e-07
3900.304931640625	3.8319191631609644e-07
3910.0	3.393341189396633e-07
3910.3076171875	3.379241993431476e-07
3920.0	2.8824038534627905e-07
3920.31005859375	2.866419936043735e-07
3930.0	2.928644365496642e-07
3930.312744140625	2.930739458316005e-07
3940.0	2.84283989146466e-07
3940.3154296875	2.839878499630383e-07
3950.0	3.308207858529209e-07
3950.318115234375	3.3236694643434583e-07
3960.0	3.112212687309037e-07
3960.320556640625	3.105256511947116e-07
3970.0	3.585665136181089e-07
3970.3232421875	3.601700949180801e-07
3980.0	3.7066887813041706e-07
3980.32568359375	3.710236032867761e-07
3990.0	3.6670226305177634e-07
3990.328369140625	3.665647209602188e-07
4000.0	3.7750338338321065e-07
4000.3310546875	3.7782216813495406e-07
4010.0	3.892470926344129e-07
4010.33349609375	3.89641495446563e-07
4020.0	3.9761050969826666e-07
4020.336181640625	3.978993551573446e-07
4030.0	4.0003006460762706e-07
4030.3388671875	4.001015584400206e-07
4040.0	4.151620035547905e-07
4040.341552734375	4.156952961452403e-07
4050.0	4.108889536924719e-07
4050.343994140625	4.1072936172221934e-07
4060.0	3.959679685079938e-07
4060.3466796875	3.9542445961459605e-07
4070.0	3.613707329603615e-07
4070.349365234375	3.6013573110906266e-07
4080.0	3.455916194505739e-07
4080.351806640625	3.4507070686980344e-07
4090.0	3.502765669814766e-07
4090.3544921875	3.504575056154146e-07
4100.0	3.507613760025439e-07
4100.357421875	3.5077248590493074e-07
4110.0	3.7213632236993724e-07
4110.35986328125	3.729464623601032e-07
4120.0	4.148922115309729e-07
4120.3623046875	4.1645975788887656e-07
4130.0	4.5809687477101205e-07
4130.365234375	4.59677501904217e-07
4140.0	4.952234755545343e-07
4140.36767578125	4.965822976888507e-07
4150.0	5.043354834250373e-07
4150.3701171875	5.04649792265438e-07
4160.0	5.330140731688322e-07
4160.373046875	5.340984943008366e-07
4170.0	5.383766780049705e-07
4170.37548828125	5.385436025514021e-07
4180.0	5.608163769146325e-07
4180.3779296875	5.617105225045483e-07
4190.0	5.666039347614245e-07
4190.380859375	5.667793526689939e-07
4200.0	5.553523991509759e-07
4200.38330078125	5.548960271991831e-07
4210.0	5.723952320669036e-07
4210.38623046875	5.73099066275249e-07
4220.0	5.46016646054445e-07
4220.388671875	5.449378161159857e-07
4230.0	5.45672967629079e-07
4230.39111328125	5.456762522278591e-07
4240.0	5.316073856454506e-07
4240.39404296875	5.310294575166074e-07
4250.0	5.445812127969806e-07
4250.396484375	5.451597001802301e-07
4260.0	5.668917113366449e-07
4260.3994140625	5.677779139180645e-07
4270.0	5.728412986590154e-07
4270.40185546875	5.730533738375402e-07
4280.0	5.904638783474748e-07
4280.404296875	5.911980413032458e-07
4290.0	5.932720897034958e-07
4290.4072265625	5.933806837345963e-07
4300.0	5.967044877055505e-07
4300.40966796875	5.968256251253152e-07
4310.0	6.035822429651693e-07
4310.412109375	6.038728048092231e-07
4320.0	6.107643140690521e-07
4320.4150390625	6.110629822430755e-07
4330.0	6.12563314403723e-07
4330.41748046875	6.126505005710252e-07
4340.0	6.199857864120835e-07
4340.42041015625	6.202858378139046e-07
4350.0	6.213504500389512e-07
4350.4228515625	6.213972982795968e-07
4360.0	6.327076245302172e-07
4360.42529296875	6.33210272288188e-07
4370.0	6.352594572610693e-07
4370.42822265625	6.353743064922266e-07
4380.0	6.375112685243197e-07
4380.4306640625	6.37584036133713e-07
4390.0	6.484741320579583e-07
4390.43359375	6.489680595036172e-07
4400.0	6.427830858448071e-07
4400.43603515625	6.425007761889979e-07
4410.0	6.531212801879842e-07
4410.4384765625	6.536087644713304e-07
4420.0	6.612764081817337e-07
4420.44140625	6.616555857638123e-07
4430.0	6.558402804988971e-07
4430.44384765625	6.555557657451756e-07
4440.0	6.585200179391215e-07
4440.4462890625	6.586584784316668e-07
4450.0	6.790736860120685e-07
4450.44921875	6.800350626621729e-07
4460.0	6.834255326255181e-07
4460.45166015625	6.836123093886894e-07
4470.0	6.977725565896598e-07
4470.45458984375	6.984211801507412e-07
4480.0	7.115948974901421e-07
4480.45703125	7.122267035728288e-07
4490.0	7.154137398719954e-07
4490.45947265625	7.155673138437973e-07
4500.0	7.091182983182198e-07
4500.46240234375	7.087716415334253e-07
4510.0	6.946330170657512e-07
4510.46484375	6.939708608594686e-07
4520.0	6.85428435840717e-07
4520.4677734375	6.849813680016737e-07
4530.0	6.558959520667235e-07
4530.47021484375	6.544603534533186e-07
4540.0	6.466185706649053e-07
4540.47265625	6.462294032956767e-07
4550.0	6.23013045214513e-07
4550.4755859375	6.218533978218593e-07
4560.0	6.077595230962804e-07
4560.47802734375	6.070764098404283e-07
4570.0	6.190135994244719e-07
4570.48095703125	6.195919145245449e-07
4580.0	6.273589752182818e-07
4580.4833984375	6.277536710463902e-07
4590.0	6.787280810212824e-07
4590.486328125	6.813345802805522e-07
4600.0	6.620659654777052e-07
4600.48876953125	6.610753982132342e-07
4610.0	6.509128339656342e-07
4610.4912109375	6.504148135043815e-07
4620.0	6.207701097148734e-07
4620.494140625	6.192011660937287e-07
4630.0	5.702535383751305e-07
4630.49658203125	5.676888440173835e-07
4640.0	5.405231875694212e-07
4640.49951171875	5.390948248818493e-07
4650.0	5.289640218505102e-07
4650.501953125	5.284286163217485e-07
4660.0	5.269459942542555e-07
4660.50439453125	5.268672711590031e-07
4670.0	5.220655688431256e-07
4670.50732421875	5.218314062734766e-07
4680.0	5.097086295340722e-07
4680.509765625	5.090347637560841e-07
4690.0	5.001802088687612e-07
4690.5126953125	4.997016062266099e-07
4700.0	5.078928878686434e-07
4700.51513671875	5.083377639034152e-07
4710.0	5.214472582286307e-07
4710.51806640625	5.221635476099059e-07
4720.0	5.399366123483461e-07
4720.5205078125	5.409126822289177e-07
4730.0	5.542707293989663e-07
4730.5234375	5.55008586324119e-07
4740.0	5.441763880627756e-07
4740.52587890625	5.435993966920339e-07
4750.0	5.047144829889352e-07
4750.5283203125	5.025208757998017e-07
4760.0	4.428272727317369e-07
4760.53125	4.394779928281087e-07
4770.0	4.053841617534845e-07
4770.53369140625	4.0346184723736464e-07
4780.0	4.0389733693368016e-07
4780.53662109375	4.039220300519624e-07
4790.0	4.353637168747963e-07
4790.5390625	4.3715531281846466e-07
4800.0	5.087501693865348e-07
4800.54150390625	5.128493676255776e-07
4810.0	5.82252129007622e-07
4810.54443359375	5.862754984120758e-07
4820.0	6.472125122936441e-07
4820.546875	6.507109873166692e-07
4830.0	6.682895136067337e-07
4830.5498046875	6.693082225856457e-07
4840.0	6.74306906375605e-07
4840.55224609375	6.745990848089899e-07
4850.0	6.662138724883799e-07
4850.55517578125	6.657208997832313e-07
4860.0	6.776182715113907e-07
4860.5576171875	6.783207864924583e-07
4870.0	6.765813260861963e-07
4870.56005859375	6.764781895825848e-07
4880.0	7.026922058616284e-07
4880.56298828125	7.042561353944637e-07
4890.0	7.301921266603349e-07
4890.5654296875	7.317816376233219e-07
4900.0	7.220294999187028e-07
4900.568359375	7.214065863043525e-07
4910.0	6.798344281799026e-07
4910.57080078125	6.773177531999324e-07
4920.0	6.245060995291172e-07
4920.57373046875	6.212920494303598e-07
4930.0	5.801737804883482e-07
4930.576171875	5.776600098383698e-07
4940.0	5.390228418709163e-07
4940.5791015625	5.366480167050343e-07
4950.0	5.033337268039253e-07
4950.58154296875	5.012767532604159e-07
4960.0	4.923294801912914e-07
4960.583984375	4.917744800026443e-07
4970.0	4.5238974584534324e-07
4970.5869140625	4.49934232111416e-07
4980.0	3.926453524486861e-07
4980.58935546875	3.890576697986989e-07
4990.0	3.212545285144646e-07
4990.59228515625	3.170020583495291e-07
5000.0	2.554816678666752e-07
5000.5947265625	2.5157160415110217e-07
5010.0	2.246780403969116e-07
5010.59765625	2.229691596516653e-07
5020.0	2.3673144335475865e-07
5020.60009765625	2.376098225827422e-07
5030.0	2.9860593605690545e-07
5030.60302734375	3.0251481403207515e-07
5040.0	3.851150071833903e-07
5040.60546875	3.904359067927465e-07
5050.0	4.97792407953937e-07
5050.60791015625	5.047376562056549e-07
5060.0	5.902777931161047e-07
5060.61083984375	5.958398650827192e-07
5070.0	6.252014164722374e-07
5070.61328125	6.271188639880366e-07
5080.0	6.642887222705016e-07
5080.6162109375	6.667283106940698e-07
5090.0	6.268588608142905e-07
5090.61865234375	6.242310251787914e-07
5100.0	5.996866791194787e-07
5100.62158203125	5.980608671499662e-07
5110.0	5.706440392187543e-07
5110.6240234375	5.6882007836209e-07
5120.0	5.859501647948914e-07
5120.62646484375	5.870943451407215e-07
5130.0	6.031539560328822e-07
5130.62939453125	6.042642452912042e-07
5140.0	6.068683676186495e-07
5140.63232421875	6.070118798083021e-07
5150.0	5.806371525702421e-07
5150.634765625	5.788504392103762e-07
5160.0	5.196486411912732e-07
5160.63720703125	5.156214893559134e-07
5170.0	4.6611456767443154e-07
5170.64013671875	4.6273040084994577e-07
5180.0	4.595796618560263e-07
5180.642578125	4.5936336119822887e-07
5190.0	4.806821425862426e-07
5190.6455078125	4.821524869718742e-07
5200.0	5.272272382248429e-07
5200.64794921875	5.30348661010202e-07
5210.0	5.645174072229873e-07
5210.65087890625	5.66894791990627e-07
5220.0	5.7951832672542e-07
5220.6533203125	5.804001379465888e-07
5230.0	5.418880872582425e-07
5230.65576171875	5.39188720879296e-07
5240.0	4.6399287333784524e-07
5240.65869140625	4.586931572630475e-07
5250.0	3.9112355365592293e-07
5250.66162109375	3.863386506096505e-07
5260.0	3.35922567418173e-07
5260.6640625	3.3233811358760614e-07
5270.0	3.1606597903000796e-07
5270.66650390625	3.149044691446821e-07
5280.0	3.774299916878766e-07
5280.66943359375	3.8191365559559104e-07
5290.0	4.617502509586816e-07
5290.671875	4.674979968587474e-07
5300.0	5.906097955261296e-07
5300.6748046875	5.995140075226612e-07
5310.0	7.325582943646929e-07
5310.67724609375	7.42218679459327e-07
5320.0	8.750347400703083e-07
5320.68017578125	8.84723031382803e-07
5330.0	9.765775475038907e-07
5330.6826171875	9.833037866294397e-07
5340.0	1.0828249583898166e-06
5340.68505859375	1.0901406747444044e-06
5350.0	1.1567383905957208e-06
5350.68798828125	1.1616556094041281e-06
5360.0	1.162440767937288e-06
5360.69091796875	1.1624985006419959e-06
5370.0	1.1926791613505608e-06
5370.693359375	1.1949263443077254e-06
5380.0	1.1747369799232377e-06
5380.69580078125	1.1732279949753304e-06
5390.0	1.178784462671221e-06
5390.69873046875	1.179201652317565e-06
5400.0	1.1366651870951236e-06
5400.701171875	1.133458899920548e-06
5410.0	1.1245511583909109e-06
5410.7041015625	1.1238764455372912e-06
5420.0	1.1177826555786965e-06
5420.70654296875	1.1173192243741403e-06
5430.0	1.0934074345887932e-06
5430.70947265625	1.091581463637616e-06
5440.0	1.0847635542737754e-06
5440.7119140625	1.0842409900879665e-06
5450.0	1.05008498528155e-06
5450.71484375	1.0474563948770617e-06
5460.0	9.98501503267917e-07
5460.71728515625	9.947201893782953e-07
5470.0	9.60139492021316e-07
5470.72021484375	9.574567436041677e-07
5480.0	9.515830838301924e-07
5480.72265625	9.511255826554878e-07
5490.0	9.150939615908381e-07
5490.7255859375	9.122763385027536e-07
5500.0	8.76745739207207e-07
5500.72802734375	8.73960285589934e-07
5510.0	7.827992844841666e-07
5510.73046875	7.756187352576457e-07
5520.0	6.624008393012056e-07
5520.7333984375	6.534450240528139e-07
5530.0	5.2351435346173e-07
5530.736328125	5.13192160320996e-07
5540.0	4.123257089663583e-07
5540.73876953125	4.0428338420009434e-07
5550.0	3.553551151461458e-07
5550.7412109375	3.514400435406118e-07
5560.0	3.8241589199049675e-07
5560.744140625	3.8490469890031546e-07
5570.0	4.578726994094355e-07
5570.74658203125	4.637274251509672e-07
5580.0	5.875028782975576e-07
5580.74951171875	5.975551557217345e-07
5590.0	7.136637331194018e-07
5590.751953125	7.230994875373184e-07
5600.0	7.907042869460129e-07
5600.7548828125	7.962208762063815e-07
5610.0	8.464153443827968e-07
5610.75732421875	8.505257900166382e-07
5620.0	8.848299680004963e-07
5620.76025390625	8.876503507656925e-07
5630.0	8.904884330983496e-07
5630.7626953125	8.907044782011177e-07
5640.0	8.816434652563829e-07
5640.765625	8.808929561809184e-07
5650.0	8.567910064563993e-07
5650.76806640625	8.54787411323977e-07
5660.0	8.449461626590006e-07
5660.77099609375	8.441245149555807e-07
5670.0	8.511098520501881e-07
5670.7734375	8.516945094323896e-07
5680.0	8.565690221087224e-07
5680.77587890625	8.569783863519464e-07
5690.0	8.291038114299655e-07
5690.77880859375	8.267515044023204e-07
5700.0	8.354140350016587e-07
5700.78173828125	8.361481967421863e-07
5710.0	8.27213381238318e-07
5710.7841796875	8.264537244746854e-07
5720.0	8.199609001718235e-07
5720.78662109375	8.193522132896191e-07
5730.0	8.02725967421357e-07
5730.78955078125	8.013565058455526e-07
5740.0	7.881533018891606e-07
5740.7919921875	7.870187047167633e-07
5750.0	7.745329676357812e-07
5750.794921875	7.734556687163926e-07
5760.0	7.038554295592826e-07
5760.79736328125	6.978299758330237e-07
5770.0	6.284106875517778e-07
5770.80029296875	6.22377031762197e-07
5780.0	4.975779157336025e-07
5780.802734375	4.866944251437649e-07
5790.0	3.544368488026724e-07
5790.8056640625	3.428577919378421e-07
5800.0	2.5511164985535506e-07
5800.80810546875	2.4740390798071914e-07
5810.0	2.0413272776358126e-07
5810.81103515625	2.0031688852994418e-07
5820.0	1.7169062618959723e-07
5820.8134765625	1.6914617407075874e-07
5830.0	1.6204848714286168e-07
5830.81640625	1.614317754299185e-07
5840.0	1.739797649924142e-07
5840.81884765625	1.7509811451311929e-07
5850.0	1.8416087239334438e-07
5850.82177734375	1.849717904818572e-07
5860.0	1.911102638546489e-07
5860.82421875	1.9166130667141264e-07
5870.0	2.0082196227806635e-07
5870.8271484375	2.016474381156261e-07
5880.0	2.1276276395737212e-07
5880.82958984375	2.1376762550981984e-07
5890.0	2.2313123405608948e-07
5890.83251953125	2.239809467375185e-07
5900.0	2.0182110336710143e-07
5900.8349609375	1.9978950392769218e-07
5910.0	1.5899019499100185e-07
5910.837890625	1.552759719319868e-07
5920.0	1.1319321916065716e-07
5920.84033203125	1.0933502486310006e-07
5930.0	7.079719036839138e-08
5930.84326171875	6.725070607465683e-08
5940.0	3.721832809771179e-08
5940.845703125	3.4445677809363184e-08
5950.0	2.2967436624873748e-08
5950.8486328125	2.190378289192399e-08
5960.0	9.619011482794187e-09
5960.85107421875	8.4769766550139e-09
5970.0	1.0321801230094593e-08
5970.85400390625	1.0493180234378364e-08
5980.0	1.9315814269960134e-09
5980.8564453125	1.1309296142886387e-09
5990.0	6.521283539910523e-09
5990.85888671875	7.027427554164262e-09
6000.0	1.4426785681207413e-08
6000.86181640625	1.512513623142408e-08
6010.0	8.706688368921287e-09
6010.8642578125	8.099417469343956e-09
6020.0	8.624321987119508e-09
6020.8671875	8.674169361469637e-09
6030.0	1.7832523349097587e-08
6030.8701171875	1.870386111859155e-08
6040.0	1.2804076507131182e-08
6040.87255859375	1.2241447858170973e-08
6050.0	1.0623892608021652e-08
6050.875	1.0468781824326422e-08
6060.0	9.511127007832614e-09
6060.8779296875	9.41896360467363e-09
6070.0	7.420461559876792e-09
6070.88037109375	7.227532055723885e-09
6080.0	9.611989065542473e-09
6080.88330078125	9.84300939831747e-09
6090.0	1.0869612293264802e-08
6090.8857421875	1.0968557560089626e-08
6100.0	1.2275901267297621e-08
6100.888671875	1.2404237016913136e-08
6110.0	1.5431741111064286e-08
6110.89111328125	1.572792907374828e-08
6120.0	1.884354846151727e-08
6120.89404296875	1.9149444394847887e-08
6130.0	1.3453186583167852e-08
6130.896484375	1.2892217386834212e-08
6140.0	1.6294491061645805e-08
6140.8994140625	1.6630732937976803e-08
6150.0	5.729858167887343e-09
6150.90185546875	4.648915775126948e-09
6160.0	1.2132627970583357e-08
6160.90478515625	1.2877439154375643e-08
6170.0	1.4646102865659434e-08
6170.9072265625	1.4822576642190197e-08
6180.0	1.1915764796844076e-08
6180.91015625	1.1624714535393189e-08
6190.0	1.5503442706307474e-08
6190.91259765625	1.5892966523059046e-08
6200.0	1.0271586706908693e-08
6200.91552734375	9.704327677588664e-09
6210.0	1.2060124195401413e-08
6210.91796875	1.2299000055505662e-08
6220.0	1.0213541415805816e-08
6220.9208984375	1.0002019488406187e-08
6230.0	5.898269662357566e-09
6230.92333984375	5.480834368746864e-09
6240.0	1.30764208514927e-08
6240.92626953125	1.3850720134225479e-08
6250.0	1.0132393760877058e-08
6250.9287109375	9.752777472278082e-09
6260.0	1.843471587072523e-08
6260.931640625	1.9326661814734704e-08
6270.0	1.1274266209332326e-08
6270.93408203125	1.0444553695006627e-08
6280.0	9.238672492001885e-09
6280.93701171875	9.113995029778497e-09
6290.0	1.0295387574606637e-08
6290.939453125	1.0417050562822526e-08
6300.0	1.0731655427867239e-08
6300.9423828125	1.076522240350197e-08
6310.0	1.2254311415903586e-08
6310.94482421875	1.2409684616024702e-08
6320.0	6.602141995259969e-09
6320.94775390625	5.994105382821226e-09
6330.0	6.370686191204479e-09
6330.9501953125	6.409705152424421e-09
6340.0	8.34918335491948e-09
6340.953125	8.554031164179021e-09
6350.0	1.0808586134985268e-08
6350.95556640625	1.1046786700677745e-08
6360.0	1.7847336756407733e-08
6360.95849609375	1.8568236920134713e-08
6370.0	1.6451132933093148e-08
6370.9609375	1.622471723902536e-08
6380.0	1.5587109502249448e-08
6380.9638671875	1.5520426767229748e-08
6390.0	1.0664299057136288e-08
6390.96630859375	1.0144842832062325e-08
6400.0	9.807236206937634e-09
6400.96923828125	9.770999327037887e-09
6410.0	1.240213131258047e-08
6410.9716796875	1.2684242529042838e-08
6420.0	1.5718892987887616e-08
6420.974609375	1.6047615699177085e-08
6430.0	1.4386791409326115e-08
6430.97705078125	1.4206698229306752e-08
6440.0	8.595366555862987e-09
6440.97998046875	7.985875873236328e-09
6450.0	1.0234553788069146e-08
6450.982421875	1.04785946234981e-08
6460.0	1.9927600380750336e-08
6460.9853515625	2.096100958626496e-08
6470.0	1.8170118347994703e-08
6470.98779296875	1.7864272894181254e-08
6480.0	2.1667137216917874e-08
6480.99072265625	2.2085177999439085e-08
6490.0	1.823780770214466e-08
6490.9931640625	1.781214345982426e-08
6500.0	1.6785770099182004e-08
6500.99609375	1.667108064433846e-08
6510.0	1.599991878297429e-08
6510.99853515625	1.592558411208868e-08
6520.0	2.1870114291960557e-08
6521.00146484375	2.2528435905945463e-08
6530.0	2.1587921863283882e-08
6531.00390625	2.148508636918858e-08
6540.0	2.0400496547077666e-08
6541.0068359375	2.027929350210097e-08
6550.0	1.4819257169771928e-08
6551.00927734375	1.4207497664671921e-08
6560.0	1.7180308787126616e-08
6561.01220703125	1.751290335222362e-08
6570.0	2.5779198981636027e-08
6571.0146484375	2.671232977235363e-08
6580.0	1.985242735354015e-08
6581.017578125	1.9076836736479176e-08
6590.0	2.2073495799893152e-08
6591.02001953125	2.2411226036450436e-08
6600.0	2.5991906728595264e-08
6601.02294921875	2.6401040245393944e-08
6610.0	1.2469985359639317e-07
6620.0	2.3384326602050357e-07
6630.0	3.426109451366603e-07
6640.0	4.504391534983845e-07
6650.0	5.580989300896637e-07
6660.0	6.6529424985791e-07
6670.0	7.713591876497901e-07
6680.0	8.775324234882968e-07
6684.6455078125	9.266974049963803e-07
6684.84521484375	4.633288038429142e-07
6685.04541015625	1.3899266025425908e-06
6685.24560546875	4.632889111483319e-07
6685.44580078125	9.265379315234908e-07
6685.6455078125	2.3162453483027545e-07
6685.845703125	1.1580727983776621e-06
6686.0458984375	1.1580229397112149e-06
6686.24560546875	2.3159464395012917e-07
6686.44580078125	2.084262102217544e-06
6686.64599609375	9.262988083308024e-07
6686.84619140625	1.1578236426440794e-06
6687.0458984375	2.3155478271268784e-06
6687.24609375	9.261792639964443e-07
6687.4462890625	1.3892091100327151e-06
6687.64599609375	9.260996065858714e-07
6687.84619140625	1.3890896277512472e-06
6688.04638671875	1.1575248057925887e-06
6688.24609375	1.3889701531342632e-06
6688.4462890625	2.5463357165528877e-06
6688.646484375	2.7777010806335813e-06
6688.8466796875	3.0090465137332696e-06
6689.04638671875	2.546007064540617e-06
6689.24658203125	2.0830069220185294e-06
6689.44677734375	2.082917225362217e-06
6689.646484375	2.5456784441655943e-06
6689.8466796875	3.4712298512017144e-06
6690.0	3.825564503503416e-06
6690.046875	3.933875537433e-06
6690.2470703125	3.933638172146595e-06
6690.44677734375	3.702024683924011e-06
6690.64697265625	3.933164054333542e-06
6690.84716796875	2.7761835108044643e-06
6691.046875	4.858028698760317e-06
6691.2470703125	4.857735552523376e-06
6691.447265625	5.782669217557232e-06
6691.6474609375	6.244906245305952e-06
6691.84716796875	7.1696455879895626e-06
6692.04736328125	6.475418594378985e-06
6692.24755859375	7.86253375294028e-06
6692.447265625	1.0405667499515841e-05
6692.6474609375	1.2023601486247357e-05
6692.84765625	1.0866830252518055e-05
6693.04736328125	1.2484542878145508e-05
6693.24755859375	1.3639694705282442e-05
6693.44775390625	1.5719379024105006e-05
6693.64794921875	1.641188998222107e-05
6693.84765625	1.8491156593143525e-05
6694.0478515625	1.918341664073478e-05
6694.248046875	2.103115269168226e-05
6694.4482421875	2.4496347125262586e-05
6694.64794921875	2.518812285226517e-05
6694.84814453125	2.819050858978605e-05
6695.04833984375	3.1192531784699374e-05
6695.248046875	3.257690603086392e-05
6695.4482421875	3.6040358511576844e-05
6695.6484375	4.019643624968853e-05
6695.8486328125	4.5045011798636456e-05
6696.04833984375	4.966202187694086e-05
6696.24853515625	5.3123608832563005e-05
6696.44873046875	5.681573709127382e-05
6696.6484375	6.674291367376496e-05
6696.8486328125	7.34358767201553e-05
6697.048828125	8.082076059089104e-05
6697.2490234375	8.912837524544872e-05
6697.44873046875	9.35098981917123e-05
6697.64892578125	0.0001048171067079469
6697.84912109375	0.00012004759426096478
6698.048828125	0.00013342947037078194
6698.2490234375	0.00014380890913733935
6698.44921875	0.0001599575422168529
6698.64892578125	0.0001797971505998376
6698.84912109375	0.00020240383105676554
6699.04931640625	0.0002268540080422535
6699.24951171875	0.000256147229696883
6699.44921875	0.0002782837438869336
6699.6494140625	0.0003068781554797057
6699.849609375	0.0003562340116960897
6700.0	0.0003914867773099516
6700.04931640625	0.00040304794818209357
6700.24951171875	0.00046462706451614336
6700.44970703125	0.0005232019173331572
6700.64990234375	0.000587077370781591
6700.849609375	0.0006857782737457951
6701.0498046875	0.0008294490539332196
6701.25	0.0009509651488695496
6701.44970703125	0.0010904608956398944
6701.64990234375	0.0012361712118598022
6701.85009765625	0.0014150782419597339
6702.05029296875	0.0016922090786203091
6702.25	0.0020700880915290646
6702.4501953125	0.0023875200821766055
6702.650390625	0.002807531927825386
6702.85009765625	0.0032355782580346685
6703.05029296875	0.004008503906538994
6703.25048828125	0.004730410830805345
6703.4501953125	0.005591963900381526
6703.650390625	0.006545883487299953
6703.8505859375	0.007507327657166991
6704.05078125	0.008816989635015107
6704.25048828125	0.010821494734919907
6704.45068359375	0.01286800641513784
6704.65087890625	0.015076828823094019
6704.8505859375	0.017569861047151736
6705.05078125	0.020343379376090934
6705.2509765625	0.024783959622212703
6705.451171875	0.02990925442387187
6705.65087890625	0.03394763189170363
6705.85107421875	0.038848581787250806
6706.05126953125	0.04318160823626866
6706.2509765625	0.04954224809027467
6706.451171875	0.05799934345598726
6706.6513671875	0.06688122027557893
6706.85107421875	0.07460679774502928
6707.05126953125	0.08191268520345872
6707.25146484375	0.09104553205219233
6707.45166015625	0.10141129169236167
6707.6513671875	0.11117040215364214
6707.8515625	0.11935257796374123
6708.0517578125	0.12753564709602155
6708.25146484375	0.13423074395912266
6708.45166015625	0.1433087774325107
6708.65185546875	0.15336539004920363
6708.85205078125	0.16087387897711058
6709.0517578125	0.1677004031125897
6709.251953125	0.1731795842520092
6709.4521484375	0.1788452250410488
6709.65234375	0.18436282015695007
6709.85205078125	0.18919872620563813
6710.0	0.19127240518678765
6710.05224609375	0.1920046611469833
6710.25244140625	0.19414666011766585
6710.4521484375	0.1957885234235731
6710.65234375	0.19804573589674002
6710.8525390625	0.19953789167318117
6711.052734375	0.20002802207581882
6711.25244140625	0.20098487897599646
6711.45263671875	0.20151080072174737
6711.65283203125	0.20184383845435072
6711.8525390625	0.2020670859700809
6712.052734375	0.20258922454647152
6712.2529296875	0.20297486069659507
6712.453125	0.20273851959193406
6712.65283203125	0.20313817176675258
6712.85302734375	0.20343745699592697
6713.05322265625	0.20353447237032424
6713.2529296875	0.20337663577869594
6713.453125	0.20381272789599422
6713.6533203125	0.20390213977724453
6713.85302734375	0.20387839082631865
6714.05322265625	0.20434202955896902
6714.25341796875	0.20410985021224987
6714.45361328125	0.20438759417546837
6714.6533203125	0.2041747781049856
6714.853515625	0.20445341448718699
6715.0537109375	0.2041987493610087
6715.25341796875	0.2042230464593938
6715.45361328125	0.20385319509156224
6715.65380859375	0.20400396100722412
6715.85400390625	0.20378107252318914
6716.0537109375	0.20328279105070082
6716.25390625	0.2033091804658736
6716.4541015625	0.20296567026398912
6716.65380859375	0.20262656772459045
6716.85400390625	0.2025132062424628
6717.05419921875	0.20270787056698653
6717.25390625	0.20201715689306957
6717.4541015625	0.20182338884849518
6717.654296875	0.20153564205398045
6717.8544921875	0.20157220951214763
6718.05419921875	0.20155546114348355
6718.25439453125	0.2012002025807847
6718.45458984375	0.20085299135252016
6718.654296875	0.2005534311626957
6718.8544921875	0.20039655708705
6719.0546875	0.2004138391590515
6719.2548828125	0.20054440331062487
6719.45458984375	0.20039698814320034
6719.65478515625	0.20034995308747514
6719.85498046875	0.20010628061225708
6720.0	0.20037474348264459
6720.0546875	0.20047502740823733
6720.2548828125	0.20050399304424837
6720.455078125	0.20028994359774288
6720.6552734375	0.200294812255138
6720.85498046875	0.20054152956254007
6721.05517578125	0.20054520381194274
6721.25537109375	0.2005546313542894
6721.455078125	0.20040841463398684
6721.6552734375	0.2004582540207897
6721.85546875	0.20064883173390866
6722.05517578125	0.20009605501298453
6722.25537109375	0.19995858627341825
6722.45556640625	0.20000292645205908
6722.65576171875	0.19965155152718786
6722.85546875	0.19907555534118063
6723.0556640625	0.1986476230393072
6723.255859375	0.19762582721330707
6723.45556640625	0.1971172931662869
6723.65576171875	0.19500642883079622
6723.85595703125	0.19286692410389375
6724.05615234375	0.19117875160818798
6724.255859375	0.18827098711373788
6724.4560546875	0.185433500984803
6724.65625	0.18154688895133766
6724.85595703125	0.17688914095594588
6725.05615234375	0.17183695966237045
6725.25634765625	0.16729638477534747
6725.45654296875	0.16196194252377627
6725.65625	0.15583974056131822
6725.8564453125	0.14763706322998962
6726.056640625	0.13919780309948315
6726.2568359375	0.13040488792961744
6726.45654296875	0.12215227127928742
6726.65673828125	0.11428512310456515
6726.85693359375	0.10354675577090866
6727.056640625	0.09102999420293942
6727.2568359375	0.08305291914502946
6727.45703125	0.07506099549972095
6727.65673828125	0.06754743563000101
6727.85693359375	0.059790253922373464
6728.05712890625	0.050615073532340404
6728.25732421875	0.04154732931704617
6728.45703125	0.03612567577046706
6728.6572265625	0.03094410382549544
6728.857421875	0.026371880871674854
6729.05712890625	0.0218128133281453
6729.25732421875	0.017903721564816063
6729.45751953125	0.015208889930552869
6729.65771484375	0.012923233782672973
6729.857421875	0.011183640294908427
6730.0	0.009768027578302361
6730.0576171875	0.009196045045952034
6730.2578125	0.007403646215786736
6730.45751953125	0.006120927712179846
6730.65771484375	0.005130281731759474
6730.85791015625	0.004377631923753765
6731.05810546875	0.003702439193860096
6731.2578125	0.003008988497671856
6731.4580078125	0.002447014876331308
6731.658203125	0.002119066615942902
6731.85791015625	0.001839680340048274
6732.05810546875	0.0015900776335751822
6732.25830078125	0.0013368341780422822
6732.4580078125	0.001111996320744637
6732.658203125	0.00093455815852242
6732.8583984375	0.0008184753220026783
6733.05859375	0.0007113284269542365
6733.25830078125	0.000601215801198873
6733.45849609375	0.000527728778552052
6733.65869140625	0.00045333268593486113
6733.8583984375	0.00039930905600515774
6734.05859375	0.0003569599066751805
6734.2587890625	0.0003182753948134464
6734.458984375	0.00028050948497650364
6734.65869140625	0.00024045893590521515
6734.85888671875	0.00021528261917248405
6735.05908203125	0.0001905660197940636
6735.2587890625	0.00017454449429490695
6735.458984375	0.00015600807761045736
6735.6591796875	0.00013289846329143183
6735.85888671875	0.00011802517984169095
6736.05908203125	0.00010749888139561653
6736.25927734375	9.83457638439824e-05
6736.45947265625	8.987954124755608e-05
6736.6591796875	8.141407136021943e-05
6736.859375	6.90617428465346e-05
6737.0595703125	6.28846099103166e-05
6737.25927734375	5.7851332890940906e-05
6737.45947265625	5.37330894527014e-05
6737.65966796875	4.824335999712114e-05
6737.85986328125	4.343999826635639e-05
6738.0595703125	3.932292282316756e-05
6738.259765625	3.5892035437635656e-05
6738.4599609375	3.26900493315276e-05
6738.65966796875	3.0402710858075028e-05
6738.85986328125	2.78869887227463e-05
6739.06005859375	2.400005273577238e-05
6739.26025390625	2.377044753240655e-05
6739.4599609375	2.1483895506464922e-05
6739.66015625	1.9883165772845283e-05
6739.8603515625	1.873963998256304e-05
6740.0	1.7620472131793134e-05
6740.06005859375	1.713917226079265e-05
6740.26025390625	1.5995862206895007e-05
6740.46044921875	1.485265368549352e-05
6740.66015625	1.3252560990940634e-05
6740.8603515625	1.2109571390815183e-05
6741.060546875	1.188057113594252e-05
6741.2607421875	9.36696538780801e-06
6741.4609375	7.995841572936493e-06
6741.66064453125	8.909264508248062e-06
6741.86083984375	7.309847501228532e-06
6742.06103515625	6.395838201875186e-06
6742.2607421875	6.85238528917487e-06
6742.4609375	5.9384754323578035e-06
6742.6611328125	5.481430945818556e-06
6742.86083984375	2.740596350740006e-06
6743.06103515625	4.795834647097367e-06
6743.26123046875	3.882173256886027e-06
6743.46142578125	3.88200410437172e-06
6743.6611328125	4.338521466781217e-06
6743.861328125	5.023332823692851e-06
6744.0615234375	2.9682035150075356e-06
6744.26123046875	2.739761147886356e-06
6744.46142578125	2.5113383665708875e-06
6744.66162109375	1.3697611935153458e-06
6744.86181640625	2.282835762183672e-06
6745.0615234375	3.4241046715572614e-06
6745.26171875	2.282637056841945e-06
6745.4619140625	2.5107915176254603e-06
6745.66162109375	2.9671698981861664e-06
6745.86181640625	2.2823389017487307e-06
6746.06201171875	1.3693437142831001e-06
6746.26171875	2.7385683722166884e-06
6746.4619140625	1.825632645030233e-06
6746.662109375	1.5973590259729152e-06
6746.8623046875	2.2818419100625076e-07
6747.06201171875	1.5972199729170751e-06
6747.26220703125	6.844929960684406e-07
6747.46240234375	9.126175330069003e-07
6747.662109375	1.3688668154309263e-06
6747.8623046875	1.8250761689131793e-06
6748.0625	1.5968721251905296e-06
6748.2626953125	9.124585440729102e-07
6748.46240234375	2.0529425096485683e-06
6748.66259765625	2.2809477646413765e-07
6748.86279296875	1.140424159969191e-06
6750.0	1.12476405296452e-06
6760.0	9.865319467493176e-07
6770.0	8.498608384346727e-07
6780.0	7.137782464213952e-07
6790.0	5.777844896294142e-07
6800.0	4.429949135258313e-07
6810.0	3.0879429514799764e-07
6820.0	1.75028912195224e-07
6830.0	4.211508835009633e-08
6831.0849609375	2.7730252351735558e-08
6840.0	2.3444663563154028e-08
6841.08740234375	2.292079931746786e-08
6850.0	1.1521474210400428e-08
6851.09033203125	1.0131826311212678e-08
6860.0	1.4228485215241758e-08
6861.0927734375	1.4728549189150773e-08
6870.0	1.5645019631627706e-08
6871.095703125	1.5758922228589596e-08
6880.0	1.860790825289977e-08
6881.09814453125	1.8958559999193472e-08
6890.0	1.0965026055484724e-08
6891.10107421875	9.977308209954453e-09
6900.0	1.557742664195551e-08
6901.103515625	1.6271450297694697e-08
6910.0	1.2732734997442998e-08
6911.1064453125	1.2293502839418456e-08
6920.0	1.7669526943673292e-08
6921.10888671875	1.8336750063055638e-08
6930.0	1.773537986578968e-08
6931.11181640625	1.766208494209457e-08
6940.0	1.0300034418641295e-08
6941.1142578125	9.378007218377548e-09
6950.0	1.2744949798462547e-08
6951.1171875	1.3168335494407167e-08
6960.0	2.123918831361656e-08
6961.11962890625	2.2254466765183517e-08
6970.0	1.2551058623310368e-08
6971.12255859375	1.132578416070238e-08
6980.0	1.2259435355389669e-08
6981.125	1.2378623585922781e-08
6990.0	1.5147012231293186e-08
6991.1279296875	1.549815111975037e-08
7000.0	1.2614155907394419e-08
7001.13037109375	1.2244742585909293e-08
7010.0	1.7405072394014242e-08
7011.13330078125	1.806360851766622e-08
7020.0	1.862194724424497e-08
7021.1357421875	1.869140204404829e-08
7030.0	1.7104635200332596e-08
7031.138671875	1.6902584634801274e-08
7040.0	1.207523117033653e-08
7041.14111328125	1.1455696879094302e-08
7050.0	1.3582049033730901e-08
7051.14404296875	1.3854320530073499e-08
7060.0	1.727825924821652e-08
7061.146484375	1.772137608935553e-08
7070.0	1.5578895500009957e-08
7071.1494140625	1.530015208925536e-08
7080.0	1.1703090777769582e-08
7081.15234375	1.1237874530142793e-08
7090.0	1.1969209671268838e-08
7091.15478515625	1.2063116498510158e-08
7100.0	3.08827542313438e-09
7101.15771484375	1.9188157293057035e-09
7110.0	8.687999131201497e-09
7111.16015625	9.573116036274215e-09
7120.0	9.590675666251918e-09
7121.16259765625	9.591994017750084e-09
7130.0	1.1101895862641004e-08
7131.16552734375	1.1301315772899913e-08
7140.0	6.087654353536995e-09
7141.16796875	5.400181550215771e-09
7150.0	9.100639456479886e-09
7151.1708984375	9.590092130909537e-09
7160.0	7.913190814279689e-09
7161.173828125	7.690216966561572e-09
7170.0	7.750848943786588e-09
7171.17626953125	7.759683060352062e-09
7180.0	9.248891806641672e-09
7181.17919921875	9.447219204653027e-09
7190.0	1.2836037443938258e-08
7191.181640625	1.3287063067257105e-08
7200.0	1.5850916662861875e-09
7201.1845703125	1.9937784838050695e-11
7210.0	9.862647928690302e-09
7211.18701171875	1.1182262634524664e-08
7220.0	8.765152839929802e-09
7221.18994140625	8.441070127330235e-09
7230.0	2.8592880381147432e-09
7231.1923828125	2.106106640053779e-09
7240.0	2.97533346223755e-09
7241.1953125	3.093064289301565e-09
7250.0	2.0809298418752163e-09
7251.19775390625	1.9435655654314972e-09
7260.0	3.0888110270938813e-09
7261.20068359375	3.244631662373672e-09
7270.0	9.172044252912095e-09
7271.203125	9.979376283787393e-09
7280.0	1.2529601401633054e-08
7281.2060546875	1.2876511896542142e-08
7290.0	1.2225341329330754e-08
7291.20849609375	1.2137549485230425e-08
7300.0	1.0745296695519905e-08
7301.21142578125	1.0553056967188836e-08
7310.0	9.641272242819159e-09
7311.2138671875	9.516941322797362e-09
7320.0	9.80005981423009e-09
7321.216796875	9.838055759415935e-09
7330.0	3.6990535670539805e-09
7331.21923828125	2.8512043966599965e-09
7340.0	3.7499705065000615e-09
7341.22216796875	3.874163988023986e-09
7350.0	1.2302875780375232e-08
7351.224609375	1.347464010220989e-08
7360.0	1.1945897492363239e-08
7361.2275390625	1.1731597077977857e-08
7370.0	7.071668621628006e-09
7371.22998046875	6.422090697735288e-09
7380.0	1.0546324927267683e-08
7381.23291015625	1.1122657327136571e-08
7390.0	9.816142842021684e-09
7391.23583984375	9.633885435620103e-09
7400.0	6.264521912216311e-09
7401.23828125	5.789673960045213e-09
7410.0	5.139142253327368e-09
7411.2412109375	5.047971148903926e-09
7420.0	1.008611904158553e-08
7421.24365234375	1.07975108843461e-08
7430.0	7.057643631339516e-09
7431.24658203125	6.528892507903692e-09
7440.0	3.4744467929445877e-09
7441.2490234375	3.039736258551788e-09
7450.0	4.1572387500112145e-09
7451.251953125	4.316907658685719e-09
7460.0	1.1132133484880184e-08
7461.25439453125	1.2104726021832772e-08
7470.0	4.182987461763412e-09
7471.25732421875	3.049291884715259e-09
7480.0	8.878459065825959e-09
7481.259765625	9.714481486008822e-09
7490.0	1.3378753941327334e-08
7491.2626953125	1.390744387199332e-08
7500.0	1.2835879608050087e-08
7501.26513671875	1.2679277407568433e-08
7510.0	1.2421332228697834e-08
7511.26806640625	1.2385454814984187e-08
7520.0	1.904516667145957e-09
7521.2705078125	3.851087326741556e-10
7530.0	1.1949925409998384e-08
7531.2734375	1.3630793143547178e-08
7540.0	1.4365463184113644e-08
7541.27587890625	1.4470826167564951e-08
7550.0	1.1605214452262842e-08
7551.27880859375	1.1188338332387058e-08
7560.0	6.651657126660164e-09
7561.28173828125	5.98668170871814e-09
7570.0	6.636293774527775e-09
7571.2841796875	6.732299306200257e-09
7580.0	7.014094517677448e-09
7581.287109375	7.054735850422379e-09
7590.0	6.248322845868389e-09
7591.28955078125	6.13021246437483e-09
7600.0	1.3854397590328578e-08
7601.29248046875	1.499451426836716e-08
7610.0	7.56349971568563e-09
7611.294921875	6.463505320626426e-09
7620.0	9.895857773624205e-09
7621.2978515625	1.0406408146512192e-08
7630.0	1.205378926158803e-08
7631.30029296875	1.229579497212308e-08
7640.0	1.5367149889906115e-08
7641.30322265625	1.582638956318423e-08
7650.0	1.0520602171104195e-08
7651.3056640625	9.726764442678838e-09
7660.0	9.28546334595223e-09
7661.30859375	9.220479222220787e-09
7670.0	1.8286389531183266e-08
7671.31103515625	1.9644879364322356e-08
7680.0	1.479573791363337e-08
7681.31396484375	1.4068301218082422e-08
7690.0	2.551000360439165e-08
7691.31640625	2.7232260684062682e-08
7700.0	3.7860654505844026e-08
7701.3193359375	3.94659763882812e-08
7710.0	5.0573646009682897e-08
7711.32177734375	5.226117800120428e-08
7720.0	7.67020124942342e-08
7721.32470703125	8.040468715068062e-08
7730.0	8.648722890339954e-08
7731.3271484375	8.742246462059333e-08
7740.0	1.0561330931455823e-07
7741.330078125	1.0837606949356844e-07
7750.0	1.3797077929502973e-07
7751.33251953125	1.42509324053409e-07
7760.0	1.6888814057207496e-07
7761.33544921875	1.729111184848514e-07
7770.0	2.0848569922401957e-07
7771.337890625	2.1394583995803826e-07
7780.0	2.7936356043480115e-07
7781.3408203125	2.8946411872542163e-07
7790.0	3.8717146226281045e-07
7791.34326171875	4.022030220173399e-07
7800.0	5.285027109041664e-07
7801.34619140625	5.480921138936118e-07
7810.0	7.267517962027323e-07
7811.34912109375	7.543712220577187e-07
7820.0	8.973308276607827e-07
7821.3515625	9.196430596728689e-07
7830.0	1.0081624499474366e-06
7831.3544921875	1.021960114822644e-06
7840.0	9.519208786697961e-07
7841.35693359375	9.409808229156971e-07
7850.0	7.796645862633149e-07
7851.35986328125	7.545019215388551e-07
7860.0	5.788585289813657e-07
7861.3623046875	5.512098933266116e-07
7870.0	3.787399282104997e-07
7871.365234375	3.516598342392581e-07
7880.0	2.49669311596218e-07
7881.36767578125	2.3355243712582894e-07
7890.0	1.662444806566526e-07
7891.37060546875	1.5561117915403351e-07
7900.0	1.510630612774777e-07
7901.373046875	1.5036139380340734e-07
7910.0	1.4917699214208015e-07
7911.3759765625	1.4897003348618305e-07
7920.0	1.4735084700020158e-07
7921.37841796875	1.471113774972703e-07
7930.0	1.4533521575950375e-07
7931.38134765625	1.450334302847349e-07
7940.0	1.546493534269571e-07
7941.3837890625	1.5618514866617108e-07
7950.0	1.7043456710744049e-07
7951.38671875	1.7273766098728597e-07
7960.0	1.986028947689316e-07
7961.38916015625	2.027309953895239e-07
7970.0	2.6145110001550173e-07
7971.39208984375	2.708954797588127e-07
7980.0	3.6079138180250217e-07
7981.39501953125	3.753367175368157e-07
7990.0	4.873586509885963e-07
7991.3974609375	5.054225863289671e-07
8000.0	5.970470674388277e-07
8001.400390625	6.118880009090801e-07
8010.0	6.401544308823697e-07
8011.40283203125	6.446699642309361e-07
8020.0	5.920271761910017e-07
8021.40576171875	5.834716468454664e-07
8030.0	5.177035230382893e-07
8031.408203125	5.070612192374018e-07
8040.0	3.890009602021433e-07
8041.4111328125	3.696523045141058e-07
8050.0	2.692311630435426e-07
8051.41357421875	2.5279431748823616e-07
8060.0	1.815542571183827e-07
8061.41650390625	1.6988839783535425e-07
8070.0	1.2192763106647649e-07
8071.41943359375	1.1401833284327376e-07
8080.0	9.141741395589089e-08
8081.421875	8.769286741083813e-08
8090.0	8.004265200001296e-08
8091.4248046875	7.878906576380593e-08
8100.0	6.794252271331024e-08
8101.42724609375	6.61369222818508e-08
8110.0	5.825543033457934e-08
8111.43017578125	5.69477722566017e-08
8120.0	5.382372736792953e-08
8121.4326171875	5.331125761623154e-08
8130.0	5.432007762163133e-08
8131.435546875	5.4480964916908776e-08
8140.0	9.567097985462226e-08
8141.43798828125	1.0254699368733363e-07
8150.0	2.0534987946621348e-07
8151.44091796875	2.2258036097613634e-07
8160.0	4.3909539417471275e-07
8161.443359375	4.7536636433577693e-07
8170.0	7.682390054447811e-07
8171.4462890625	8.174530024461149e-07
8180.0	1.0191712795078609e-06
8181.44873046875	1.0532747923418451e-06
8190.0	1.141955629697643e-06
8191.45166015625	1.1567779754010059e-06
8200.0	1.0390226576957777e-06
8201.4541015625	1.0191254214964658e-06
8210.0	7.786194281971659e-07
8211.45703125	7.379450966761888e-07
8220.0	5.213701709879192e-07
8221.4599609375	4.844697355102174e-07
8230.0	3.437189754226594e-07
8231.4619140625	3.1978952993028016e-07
8240.0	2.3712904335538668e-07
8241.46484375	2.2305042249152686e-07
8250.0	1.9349062654903375e-07
8251.4677734375	1.8840299442907293e-07
8260.0	1.5989353296646688e-07
8261.470703125	1.5500447338566913e-07
8270.0	1.2531425137590903e-07
8271.4736328125	1.2022755537756243e-07
8280.0	1.0145293982951832e-07
8281.4755859375	9.820422804450497e-08
8290.0	7.99570306278362e-08
8291.478515625	7.680863208508938e-08
8300.0	8.63237790625807e-08
8301.4814453125	8.796882560521465e-08
8310.0	1.317769611370099e-07
8311.484375	1.3938838334330821e-07
8320.0	3.002982867059691e-07
8321.486328125	3.2821208826959063e-07
8330.0	5.511414157663517e-07
8331.4892578125	5.899243575887645e-07
8340.0	8.143886109802287e-07
8341.4921875	8.536449956473481e-07
8350.0	8.899013069331563e-07
8351.4951171875	8.961164631459887e-07
8360.0	7.903242157192808e-07
8361.4970703125	7.718009497656671e-07
8370.0	5.529612753022674e-07
8371.5	5.145660630613448e-07
8380.0	3.020680436465406e-07
8381.5029296875	2.647390728510048e-07
8390.0	1.163492938281817e-07
8391.505859375	9.016025185501493e-08
8400.0	6.5665731663234e-08
8401.5078125	6.134829047284898e-08
8410.0	5.724839633445252e-08
8411.5107421875	5.6530356590788704e-08
8420.0	5.580651480161506e-08
8421.513671875	5.566992701311044e-08
8430.0	8.315085058444364e-08
8431.5166015625	8.804968020002265e-08
8440.0	1.4191818982051328e-07
8441.51953125	1.5152736631212074e-07
8450.0	3.2360243902161694e-07
8451.521484375	3.5439782263320973e-07
8460.0	5.830260126279167e-07
8461.5244140625	6.239111968162237e-07
8470.0	8.612529190174089e-07
8471.52734375	9.038433871533105e-07
8480.0	9.96168453947322e-07
8481.5302734375	1.0127725344316617e-06
8490.0	8.950256846092214e-07
8491.5322265625	8.739397653065436e-07
8500.0	1.3376436164069735e-07
8501.53515625	1.0723587859676003e-11
8510.0	1.0872680284412303e-06
8511.5380859375	1.2837490670920565e-06
8520.0	3.015591365959914e-07
8521.541015625	1.2366626889712527e-07
8530.0	1.3898914120793752e-06
8531.5439453125	1.6199619482217718e-06
8540.0	4.5025583637192025e-07
8541.5458984375	2.3736285889119893e-07
8550.0	3.6588062952917224e-08
8551.548828125	1.0441497242233554e-11
8560.0	1.0391841733340171e-11
8561.5517578125	1.0382708468516908e-11
8570.0	1.0004653972280767e-08
8571.5546875	1.1835082978805273e-08
8580.0	4.0550361855109056e-09
8581.556640625	2.6274697764228414e-09
8590.0	9.849466706471437e-07
8591.5595703125	1.165336108347886e-06
8600.0	6.993653546904588e-07
8601.5625	6.136025165033338e-07
8610.0	4.999888642011779e-07
8611.5654296875	4.791014155548642e-07
8620.0	1.1913342558603474e-06
8621.5673828125	1.3228244117186016e-06
8630.0	7.979132589005272e-07
8631.5703125	7.009656577779946e-07
8640.0	1.098815583915451e-07
8641.5732421875	9.948495157586068e-12
8650.0	9.914339476722385e-12
8651.576171875	9.907916549207639e-12
8660.0	9.87342015976341e-12
8661.578125	9.868410085665377e-12
8670.0	2.9771483449145008e-08
8671.5810546875	3.5335079890452796e-08
8680.0	5.5836222221026085e-09
8681.583984375	9.793089398616098e-12
8690.0	4.2882584188362796e-07
8691.5869140625	5.093316080356423e-07
8700.0	8.066279804453004e-08
8701.58984375	9.708238005665186e-12
8710.0	7.804813036749319e-07
8711.591796875	9.276829823548399e-07
8720.0	1.474649024736178e-07
8721.5947265625	9.630951020847292e-12
8730.0	5.5345968661219635e-08
8731.59765625	6.581587711765833e-08
8740.0	1.0498489064344685e-08
8741.6005859375	9.542767352458521e-12
8750.0	9.505254211388453e-12
8751.6025390625	9.49806379389717e-12
8760.0	2.7600940829406895e-07
8761.60546875	3.285742984395869e-07
8770.0	5.2669165829073304e-08
8771.6083984375	9.416420464809748e-12
8780.0	9.377871048085828e-12
8781.611328125	9.370435227737904e-12
8790.0	3.773587624295349e-08
8791.6142578125	4.495946578824084e-08
8800.0	2.295578949263179e-07
8801.6162109375	2.6489993958265606e-07
8810.0	3.5880457082972326e-07
8811.619140625	3.768797446259135e-07
8820.0	6.084086931336426e-08
8821.6220703125	9.165336024333695e-12
8830.0	1.601334759211331e-07
8831.625	1.9103818868823684e-07
8840.0	2.51832675854577e-07
8841.626953125	2.635820394809848e-07
8850.0	1.583141416509415e-07
8851.6298828125	1.379249571062393e-07
8860.0	1.5221270177694752e-07
8861.6328125	1.5498432052888944e-07
8870.0	1.6667160249954497e-07
8871.6357421875	1.6896974969159036e-07
8880.0	2.7588036115081526e-08
8881.638671875	8.885520358803433e-12
8890.0	1.6536706838426474e-07
8891.640625	1.9763747535605452e-07
8900.0	3.2332990626220033e-08
8901.6435546875	8.78975256147491e-12
8910.0	8.749188892884714e-12
8911.646484375	8.741157206740992e-12
8920.0	1.7211817482712376e-07
8921.6494140625	2.0590899293708697e-07
8930.0	3.263248908034554e-07
8931.6513671875	3.4999871677158935e-07
8940.0	8.212485555654277e-08
8941.654296875	2.93562819824284e-08
8950.0	4.850812319479261e-09
8951.6572265625	8.550321143653032e-12
8960.0	1.663004282294398e-07
8961.66015625	1.9919232222017942e-07
8970.0	3.294154633225779e-08
8971.662109375	8.447856321560927e-12
8980.0	4.846910963295722e-07
8981.6650390625	5.808814251321544e-07
8990.0	2.492336909472593e-07
8991.66796875	1.8327572827306468e-07
9000.0	1.432551467653927e-07
9001.6708984375	1.3525016326171458e-07
9010.0	1.856456968369668e-07
9011.6728515625	1.957201000432796e-07
9020.0	5.148890058424859e-07
9021.67578125	5.785857037511115e-07
9030.0	3.652082506833981e-07
9031.6787109375	3.2254344250861816e-07
9040.0	1.6235673465425075e-07
9041.681640625	1.3021861303746126e-07
9050.0	1.619677596623606e-07
9051.6845703125	1.6834827414970983e-07
9060.0	4.255625868928146e-07
9061.6865234375	4.773372947492946e-07
9070.0	3.136259546569756e-07
9071.689453125	2.806039948464608e-07
9080.0	4.7180691087588476e-08
9081.6923828125	7.811060612474519e-12
9090.0	6.01369382061427e-08
9091.6953125	7.231181936191065e-08
9100.0	1.2197579986112254e-08
9101.697265625	7.696391612582334e-12
9110.0	3.0193316329629376e-07
9111.7001953125	3.632663358700903e-07
9120.0	3.0722405885237187e-07
9121.703125	2.958122211387743e-07
9130.0	1.1831661702779789e-07
9131.7060546875	8.211407452361862e-08
9140.0	1.3939404374155188e-08
9141.708984375	7.450611086874807e-12
9150.0	1.44657623427481e-07
9151.7109375	1.7425620465993602e-07
9160.0	1.759870540986174e-07
9161.7138671875	1.7633919470880476e-07
9170.0	2.139764308688801e-07
9171.716796875	2.2170410582465354e-07
9180.0	1.140831372950389e-07
9181.7197265625	9.194769504278447e-08
9190.0	1.0308191698614143e-07
9191.7216796875	1.0535924781356365e-07
9200.0	1.15831778780973e-07
9201.724609375	1.1797878456000702e-07
9210.0	5.3742603229690906e-08
9211.7275390625	4.046238643079591e-08
9220.0	3.575996922913552e-08
9221.73046875	3.478530308130848e-08
9230.0	1.319499646528953e-07
9231.732421875	1.5211053499071216e-07
9240.0	1.3001322424374922e-07
9241.7353515625	1.254174717481192e-07
9250.0	7.501505034193572e-08
9251.73828125	6.451705410767216e-08
9260.0	5.302648156437743e-08
9261.7412109375	5.062786943130571e-08
9270.0	8.758977436742357e-09
9271.744140625	6.602142419336741e-12
9280.0	1.949153827045119e-07
9281.74609375	2.3570769056505824e-07
9290.0	5.6682089087554616e-08
9291.7490234375	1.914297577644943e-08
9300.0	3.522923704579827e-08
9301.751953125	3.861436180382946e-08
9310.0	1.6461015073243696e-07
9311.7548828125	1.911159532964678e-07
9320.0	1.1182666168339599e-07
9321.7568359375	9.511515617642595e-08
9330.0	3.131886771733787e-08
9331.759765625	1.7851250395767144e-08
9340.0	3.1212528956081282e-09
9341.7626953125	6.122888629705685e-12
9350.0	1.0291439883195877e-07
9351.765625	1.2471359188993505e-07
9360.0	1.7351864918840954e-07
9361.7685546875	1.838720148412481e-07
9370.0	1.2474657678637726e-07
9371.7705078125	1.1217782606923735e-07
9380.0	1.96932569638876e-08
9381.7734375	5.836637936558204e-12
9390.0	5.776976879904041e-12
9391.7763671875	5.764060114771047e-12
9400.0	6.84982647333554e-08
9401.779296875	8.31120187981795e-08
9410.0	1.4636649593716534e-08
9411.78125	5.610756478581875e-12
9420.0	8.260767391008433e-08
9421.7841796875	1.0028200552288731e-07
9430.0	3.819572760843516e-08
9431.787109375	2.4886793515785513e-08
9440.0	4.4066735698551094e-09
9441.7900390625	5.3756134076487876e-12
9450.0	5.312563075615511e-12
9451.79296875	5.298759882393777e-12
9460.0	5.764374559422632e-08
9461.794921875	7.006329961821992e-08
9470.0	4.662875219895636e-08
9471.7978515625	4.156803590566184e-08
9480.0	8.870320215208829e-08
9481.80078125	9.889058493997441e-08
9490.0	8.760158477230074e-08
9491.8037109375	8.515214564123127e-08
9500.0	1.5178006346195905e-08
9501.8056640625	4.9145462102141455e-12
9510.0	3.062123107117799e-08
9511.80859375	3.731155255183507e-08
9520.0	7.255159527101329e-08
9521.8115234375	8.026551460082659e-08
9530.0	7.704832505839982e-08
9531.814453125	7.634081250791313e-08
9540.0	4.3630620315808605e-08
9541.81640625	3.644564866711473e-08
9550.0	6.575969452455541e-09
9551.8193359375	4.670619211464408e-12
9560.0	4.1048020424750585e-08
9561.822265625	5.009249242762452e-08
9570.0	4.457652154291675e-08
9571.8251953125	4.3357467575289785e-08
9580.0	4.3850787280136376e-08
9581.828125	4.395869084281192e-08
9590.0	7.973796568870205e-09
9591.830078125	4.470918899764842e-12
9600.0	7.169109446506819e-08
9601.8330078125	8.760141229229371e-08
9610.0	1.5939757826703757e-08
9611.8359375	4.371312979294434e-12
9620.0	9.218643699733449e-08
9621.8388671875	1.1269617732805818e-07
9630.0	5.5990450464998163e-08
9631.8408203125	4.3354544244237325e-08
9640.0	4.627021321571424e-08
9641.84375	4.6919230317412725e-08
9650.0	8.575688469392628e-09
9651.8466796875	4.1554123843820955e-12
9660.0	4.9082373673557316e-08
9661.849609375	6.007035909365576e-08
9670.0	5.01122142497264e-08
9671.8525390625	4.7876608110529455e-08
9680.0	2.2433341704557495e-08
9681.8544921875	1.6718548016499776e-08
9690.0	3.148480956487942e-08
9691.857421875	3.4804895484418714e-08
9700.0	2.1704182442062874e-08
9701.8603515625	1.8751550152442078e-08
9710.0	1.0712644463915568e-08
9711.86328125	8.897889309150906e-09
9720.0	1.6430612008665748e-09
9721.865234375	3.775248390401921e-12
9730.0	3.730395381737331e-12
9731.8681640625	3.720071675451673e-12
9740.0	4.6717912815224796e-08
9741.87109375	5.730429121699722e-08
9750.0	4.567345878037097e-08
9751.8740234375	4.30304998123586e-08
9760.0	4.5041733664537136e-08
9761.8759765625	4.54965283875944e-08
9770.0	4.7576952405352694e-08
9771.87890625	4.804794321590004e-08
9780.0	3.5221135536730965e-08
9781.8818359375	3.229470017202471e-08
9790.0	6.006785251811401e-09
9791.884765625	3.3845448127430445e-12
9800.0	2.2867042724731408e-09
9801.8876953125	2.8084939017377986e-09
9810.0	5.379260317054892e-09
9811.8896484375	5.9671632608589124e-09
9820.0	1.009617579503023e-08
9821.892578125	1.1041654581877584e-08
9830.0	3.9290665789150276e-08
9831.8955078125	4.577446309541906e-08
9840.0	8.560584813647845e-09
9841.8984375	3.093166810980559e-12
9850.0	4.189410162579427e-08
9851.900390625	5.153273346508241e-08
9860.0	3.4385318215061085e-08
9861.9033203125	3.043057866679725e-08
9870.0	1.4511586678223064e-08
9871.90625	1.0836112050229308e-08
9880.0	9.924844462513317e-09
9881.9091796875	9.713361188298758e-09
9890.0	1.8281513483935852e-09
9891.912109375	2.800811124593697e-12
9900.0	7.3850308175184805e-09
9901.9140625	9.092753761258551e-09
9910.0	1.850972477800899e-08
9911.9169921875	2.0694107484770344e-08
9920.0	1.7018620761427076e-08
9921.919921875	1.6163145551632514e-08
9930.0	4.887104700405922e-08
9931.9228515625	5.64729089801706e-08
9940.0	1.4587979185137071e-08
9941.9248046875	4.837195247856487e-09
9950.0	1.4295525526672191e-08
9951.927734375	1.6497815403204813e-08
9960.0	3.4094881211423117e-08
9961.9306640625	3.8196097473424324e-08
9970.0	7.235224995035211e-09
9971.93359375	2.3219222498391937e-12
9980.0	1.534758133138258e-08
9981.9365234375	1.8933915552410336e-08
9990.0	5.068537320806912e-09
9991.9384765625	1.823408620819419e-09
10000.0	9.775069586929073e-09
10001.94140625	1.1645141815642697e-08
10010.0	1.3581173110033368e-08
10011.9443359375	1.403540277232327e-08
10020.0	6.896056761643956e-09
10021.947265625	5.2121620933384045e-09
10030.0	1.8316998620039672e-08
10031.9501953125	2.1403199030426602e-08
10040.0	2.5200925531464504e-08
10041.9521484375	2.609885502101341e-08
10050.0	8.195881782057901e-09
10051.955078125	3.961889735948832e-09
10060.0	1.7307108405258e-08
10061.9580078125	2.046316106196575e-08
10070.0	9.774172016446768e-09
10071.9599609375	7.24117138938082e-09
10080.0	1.6580663205141927e-08
10081.962890625	1.8791613631868638e-08
10090.0	1.509508239133337e-08
10091.9658203125	1.421528887563721e-08
10100.0	2.729723546911713e-09
10101.96875	1.6230407874110308e-12
10110.0	1.8843977159026587e-08
10111.970703125	2.3316318453811474e-08
10120.0	4.480166579036346e-09
10121.9736328125	1.5193012500114999e-12
10130.0	1.4765390537571898e-12
10131.9765625	1.4663374244809538e-12
10140.0	3.51370694547326e-09
10141.978515625	4.348433251747806e-09
10150.0	8.67362859344133e-09
10151.982421875	9.70122770304484e-09
10160.0	8.133073600245632e-09
10161.9853515625	7.757069697076638e-09
10170.0	5.771618459449177e-09
10171.98828125	5.296593730120219e-09
10180.0	1.5903748189586407e-09
10181.990234375	7.06774208958701e-10
10190.0	6.202031510704007e-09
10191.9931640625	7.508941072247317e-09
10200.0	4.488777590156408e-09
10201.99609375	3.781957307146169e-09
10210.0	2.2613318512303413e-09
10211.998046875	1.8921184740655082e-09
10220.0	3.712533610260582e-10
10222.0009765625	1.0512075121693262e-12
10230.0	1.0281442890629264e-12
10232.00390625	1.0223672501172438e-12
10240.0	5.971912377073596e-09
10242.0068359375	7.427254183184831e-09
10250.0	1.4579081203232362e-09
10252.0087890625	9.647477346053477e-13
10260.0	1.0009343807934261e-08
10262.01171875	1.2451885426505952e-08
10270.0	4.110132567497851e-09
10272.0146484375	2.06971545857552e-09
10280.0	3.765930453124364e-09
10282.0166015625	4.180399723001621e-09
10290.0	1.0857994267900694e-08
10292.01953125	1.2489617160509481e-08
10300.0	2.4588369655158875e-09
10302.0234375	8.201717962511886e-13
10310.0	3.457310194708483e-09
10312.0263671875	4.303885788346181e-09
10320.0	3.250207955136149e-09
10322.0283203125	2.9909799891294645e-09
10330.0	2.7804775383261315e-09
10332.03125	2.7280413303247287e-09
10340.0	5.381637399726964e-10
10342.0341796875	7.056978453396199e-13
10350.0	2.9681574108899095e-09
10352.0361328125	3.695032028232022e-09
10360.0	3.467156034031456e-09
10362.0390625	3.4099860471446248e-09
10370.0	6.723286415682445e-10
10372.0419921875	6.197527978342499e-13
10380.0	7.173511207076164e-10
10382.0439453125	8.926961992148414e-10
10390.0	1.7616046407148073e-10
10392.046875	5.630487022857235e-13
10400.0	1.5702214035751797e-09
10402.0498046875	1.963413673588503e-09
10410.0	2.193980617382449e-09
10412.052734375	2.2520136273931786e-09
10420.0	4.52808581094985e-10
10422.0546875	5.078673829540551e-13
10430.0	4.963379373243011e-13
10432.0576171875	4.933538042100259e-13
10440.0	4.818437083004412e-13
10442.060546875	4.788592640279837e-13
10450.0	2.832543448151092e-10
10452.0634765625	3.543891500848282e-10
10460.0	7.169536153120944e-11
10462.06640625	4.4941265915531284e-13
10470.0	3.555777951009431e-09
10472.0693359375	4.45260546585508e-09
10480.0	4.540538399020802e-09
10482.072265625	4.561715684973962e-09
10490.0	2.1490324576103713e-09
10492.07421875	1.5388301170859292e-09
10500.0	1.0755006081947808e-09
10502.0771484375	9.578545432481922e-10
10510.0	1.935342764411527e-10
10512.080078125	3.770857961721369e-13
10520.0	5.142444085221166e-10
10522.08203125	6.440548489599653e-10
10530.0	1.0248719025892548e-09
10532.0849609375	1.1208673796740792e-09
10540.0	2.0968816199989512e-09
10542.087890625	2.3430680398244026e-09
10550.0	4.735079705725817e-10
10552.0908203125	3.199459184729656e-13
10560.0	3.0842784873651776e-13
10562.0927734375	3.054601642740033e-13
10570.0	5.317655051212914e-10
10572.095703125	6.658423738479659e-10
10580.0	1.3455388597490597e-10
10582.0986328125	2.771415496606387e-13
10590.0	2.659826766522005e-13
10592.1005859375	2.630185243004747e-13
10600.0	2.304049044924257e-10
10602.103515625	2.9019792518923794e-10
10610.0	2.5939235122493676e-10
10612.107421875	2.5140303049153733e-10
10620.0	9.484137940477963e-10
10622.1103515625	1.1302380686100788e-09
10630.0	2.3429769239125585e-10
10632.1123046875	2.3290581404594136e-13
10640.0	2.2833409661756133e-13
10642.115234375	2.2705279977269126e-13
10650.0	8.968784052031806e-10
10652.1181640625	1.1314967850778252e-09
10660.0	2.3508190371542996e-10
10662.1201171875	2.152952075674289e-13
10670.0	1.4405886474539185e-09
10672.123046875	1.8180694691390704e-09
10680.0	3.782190273958251e-10
10682.1259765625	2.0379115387792014e-13
10690.0	3.7836763488718525e-10
10692.12890625	4.775513813329929e-10
10700.0	1.7516288625897734e-09
10702.130859375	2.0863865062640295e-09
10710.0	1.0330891134953166e-09
10712.1337890625	7.55770116589122e-10
10720.0	1.5770251392287575e-10
10722.13671875	1.8070182126217478e-13
10730.0	1.7623239955742848e-13
10732.138671875	1.749735000653525e-13
10740.0	1.7035545518066196e-13
10742.1416015625	1.691431985097445e-13
10750.0	1.6469923937817258e-13
10752.14453125	1.6348777153971328e-13
10760.0	2.580235264050585e-10
10762.1484375	3.26046390028059e-10
10770.0	3.917079758702281e-10
10772.150390625	4.088372725494194e-10
10780.0	8.071760496130529e-10
10782.1533203125	9.122776435302704e-10
10790.0	6.694731521711738e-10
10792.15625	6.050925907005726e-10
10800.0	1.2660564826063617e-10
10802.158203125	1.3551114048390535e-13
10810.0	4.2768303422544244e-10
10812.1611328125	5.416075437241584e-10
10820.0	2.2884241903905597e-10
10822.1640625	1.4535729129508797e-10
10830.0	3.076930298185646e-11
10832.1669921875	1.2271249570333162e-13
10840.0	4.5987841891402157e-10
10842.1689453125	5.825642680369585e-10
10850.0	9.746992968543843e-10
10852.171875	1.079498101759665e-09
10860.0	4.844690194297734e-10
10862.1748046875	3.250576626582598e-10
10870.0	4.2634314924410945e-10
10872.1767578125	4.533190974284517e-10
10880.0	9.582795672665103e-11
10882.1796875	1.0167779165732322e-13
10890.0	1.522868953070054e-10
10892.1826171875	1.929741625773332e-10
10900.0	1.5434264027933647e-10
10902.185546875	1.4393910414325235e-10
10910.0	4.3000478044073104e-10
10912.1884765625	5.063923207527249e-10
10920.0	1.0700686655870728e-10
10922.19140625	8.504482937540153e-14
10930.0	8.176048206993483e-14
10932.1943359375	8.086137113805961e-14
10940.0	7.766612534557068e-14
10942.1962890625	7.676805091360467e-14
10950.0	7.358011202160101e-14
10952.19921875	7.266297524320592e-14
10960.0	6.941668305438663e-14
10962.2021484375	6.852093234532528e-14
10970.0	2.461271418011673e-10
10972.205078125	3.1138428016158503e-10
10980.0	1.763821330341863e-10
10982.20703125	1.40365332361342e-10
10990.0	2.9407878536827094e-11
10992.2099609375	5.6281484580041976e-14
11000.0	2.0187396449743886e-11
11002.212890625	2.5620675928450005e-11
11004.42578125	0.0
