WAVELENGTH	THROUGHPUT
1989.69287109375	0.0
1989.846435546875	2.0776058509013367e-10
1990.0	7.407739031926961e-10
1999.84814453125	1.8151810366758895e-08
2000.0	1.816475025647526e-08
2009.849853515625	1.8625166835026553e-08
2010.0	1.8807725121339267e-08
2019.8516845703125	3.092139615969574e-08
2020.0	3.086589356618756e-08
2029.853515625	2.7106208937001106e-08
2030.0	2.7303682039319493e-08
2039.8553466796875	4.075975000681169e-08
2040.0	4.069330154974228e-08
2049.857177734375	3.610825530155736e-08
2050.0	3.6431994764106684e-08
2059.85888671875	5.913728985243349e-08
2060.0	5.914780816138293e-08
2069.86083984375	5.987951901466506e-08
2070.0	5.985125396039608e-08
2079.86279296875	5.7754872115770077e-08
2080.0	5.756308411887272e-08
2089.86474609375	4.364454399717957e-08
2090.0	4.366058933077592e-08
2099.86669921875	4.4834840460346835e-08
2100.0	4.4810178541475605e-08
2109.86865234375	4.3864897113365017e-08
2110.0	4.3616364115360794e-08
2119.87060546875	2.4280460199001174e-08
2120.0	2.4325426198960467e-08
2129.87255859375	2.7821527891954897e-08
2130.0	2.7764490974833914e-08
2139.87451171875	2.320605017003834e-08
2140.0	2.3262014934984525e-08
2149.876708984375	2.7786625451318602e-08
2150.0	2.779555235593108e-08
2159.878662109375	2.850993710406312e-08
2160.0	2.8673806220527814e-08
2169.880615234375	4.2363051767855054e-08
2170.0	4.253648510330636e-08
2179.8828125	5.733151224501328e-08
2180.0	5.7714994346521664e-08
2189.884765625	9.097104216565309e-08
2190.0	9.210880829672776e-08
2199.886962890625	1.924877151044362e-07
2200.0	1.9915887227567969e-07
2210.0	8.079376747680522e-07
2220.0	1.4544068173478663e-06
2230.0	2.1389172494518804e-06
2240.0	2.847008292578573e-06
2250.0	3.582845395205061e-06
2258.49951171875	4.234778375425914e-06
2258.699462890625	4.236709759514423e-06
2259.099609375	8.178254486370066e-06
2259.299560546875	1.454574547532199e-05
2259.49951171875	1.0307930362410833e-05
2259.69970703125	4.853002824417934e-06
2259.899658203125	5.765565155421246e-06
2260.0	6.223830419686869e-06
2260.099609375	6.67893702234907e-06
2260.2998046875	3.948419144366207e-06
2260.499755859375	4.254052553611652e-06
2260.69970703125	6.991938451938419e-06
2260.89990234375	6.0826775179249e-06
2261.099853515625	1.1562271645207204e-05
2261.300048828125	3.957290481157169e-06
2261.5	7.309043364712415e-06
2261.699951171875	3.0467997175513273e-07
2261.900146484375	4.267433611249798e-06
2262.10009765625	7.623831760038146e-06
2262.30029296875	6.406891234869211e-06
2262.500244140625	3.967946921562915e-06
2262.7001953125	5.801903272199901e-06
2262.900390625	1.0387007007931401e-05
2263.50048828125	6.424122681079481e-06
2263.700439453125	3.978616135793184e-06
2263.900390625	8.573157762418435e-06
2264.1005859375	3.675855061237306e-06
2264.300537109375	4.903329727365722e-06
2264.50048828125	1.5329750992681232e-06
2264.70068359375	3.3740533518718488e-06
2264.900634765625	3.6824292408959697e-06
2265.100830078125	8.596174410931983e-06
2265.30078125	8.90715519167616e-06
2265.5009765625	8.603852751504212e-06
2265.700927734375	1.0452196489578667e-05
2265.90087890625	4.920874042306451e-06
2266.10107421875	8.923066671390328e-06
2266.301025390625	1.0158360494009423e-05
2266.501220703125	2.1557649153331805e-06
2266.701171875	1.139983456463303e-05
2266.901123046875	9.863707588360548e-06
2267.101318359375	1.2335131667530252e-06
2267.30126953125	6.787342941840868e-06
2267.501220703125	1.327207467936149e-05
2267.701416015625	1.5439520522428842e-05
2267.9013671875	1.3901750694872575e-05
2268.101318359375	9.581020325018695e-06
2268.301513671875	7.420867203125008e-06
2268.50146484375	3.0934022693587174e-07
2268.70166015625	8.355903150896586e-06
2268.901611328125	1.2075000802157127e-05
2269.1015625	1.2390116996674173e-05
2269.3017578125	6.507704009383678e-06
2269.501708984375	1.2401129852713214e-05
2269.701904296875	1.1476143339825013e-05
2269.90185546875	8.99880747939808e-06
2270.0	7.934362901917698e-06
2270.101806640625	6.8296895490110946e-06
2270.302001953125	1.6149977959537564e-05
2270.501953125	1.6157045917821792e-05
2270.701904296875	1.0879693305761422e-05
2270.902099609375	1.8037102975276726e-05
2271.10205078125	1.6489387287160405e-05
2271.302001953125	1.836413729540541e-05
2271.502197265625	1.3078495991608593e-05
2271.7021484375	1.15265668199301e-05
2271.902099609375	1.6206576794647733e-05
2272.102294921875	1.2783850672900246e-05
2272.30224609375	1.2165558707564649e-05
2272.50244140625	1.622783451323615e-05
2272.702392578125	1.3112818137904957e-05
2272.902587890625	1.7491394829111543e-05
2273.1025390625	2.062385387216253e-05
2273.302490234375	2.0945466210507476e-05
2273.502685546875	1.2510214902908027e-05
2273.70263671875	2.0650854823414897e-05
2273.902587890625	1.8781683303213984e-05
2274.102783203125	1.1900255629924808e-05
2274.302734375	1.0025633478026557e-05
2274.502685546875	2.1313750259356686e-05
2274.702880859375	1.6933003805955627e-05
2274.90283203125	8.470187281052664e-06
2275.102783203125	1.5064664142066622e-05
2275.302978515625	1.4757242331590285e-05
2275.5029296875	4.397685974836845e-06
2275.703125	2.0112460625902794e-05
2275.903076171875	2.79810511627267e-05
2276.103271484375	1.3524817693053377e-05
2276.30322265625	1.636270119838389e-05
2276.503173828125	1.4795790213523898e-05
2276.703369140625	1.8266575479990282e-05
2276.9033203125	1.102771947667595e-05
2277.103515625	2.0804167677313328e-05
2277.303466796875	2.2705305402401868e-05
2277.50341796875	2.4292596608902158e-05
2277.70361328125	2.7775027019894068e-05
2277.903564453125	2.7787073084842625e-05
2278.103515625	2.495602908523204e-05
2278.3037109375	1.9278207858963573e-05
2278.503662109375	2.4661509106449448e-05
2278.70361328125	2.5304813524635844e-05
2278.90380859375	2.5632235924412667e-05
2279.103759765625	4.0206219359854534e-05
2279.303955078125	4.244069989629035e-05
2279.50390625	2.6616134424515556e-05
2279.703857421875	3.391855938219396e-05
2279.904052734375	3.488465067387099e-05
2280.0	3.8544907284671704e-05
2280.10400390625	4.251369397022906e-05
2280.30419921875	3.427877760198135e-05
2280.504150390625	4.508864422305297e-05
2280.7041015625	3.907159717680151e-05
2280.904296875	4.417211199217357e-05
2281.104248046875	3.5924357857689726e-05
2281.30419921875	4.2617934474023134e-05
2281.50439453125	4.2317155322407146e-05
2281.704345703125	4.742726871600654e-05
2281.904296875	4.6172860468237906e-05
2282.1044921875	4.937732713114901e-05
2282.304443359375	5.130959869172796e-05
2282.504638671875	5.101169207394392e-05
2282.70458984375	5.7092562219981625e-05
2282.904541015625	5.520130421942057e-05
2283.104736328125	5.330851479446951e-05
2283.3046875	5.5565597280885796e-05
2283.5048828125	6.708923194344375e-05
2283.704833984375	7.031253915495045e-05
2283.90478515625	6.298727168785097e-05
2284.10498046875	6.557180059018436e-05
2284.304931640625	6.591842771672131e-05
2284.5048828125	7.394826825269464e-05
2284.705078125	7.077580170735752e-05
2284.905029296875	7.304721860504107e-05
2285.10498046875	8.044865076970821e-05
2285.30517578125	7.984004377543659e-05
2285.505126953125	8.243861587616543e-05
2285.705078125	9.113643262168421e-05
2285.9052734375	8.732102806549266e-05
2286.105224609375	9.731249212709294e-05
2286.305419921875	9.8958432891341e-05
2286.50537109375	0.0001028556139806965
2286.70556640625	0.00010450509967420612
2286.905517578125	0.00011355457992649453
2287.105712890625	0.00011038245419254577
2287.3056640625	0.00011074907736675671
2287.505615234375	0.0001162691761569313
2287.705810546875	0.00012114935641297834
2287.90576171875	0.0001221653605443679
2288.105712890625	0.0001383380757582863
2288.305908203125	0.0001390392483959112
2288.505859375	0.00013619089652695734
2288.705810546875	0.00014044307604957335
2288.906005859375	0.00015180445417206097
2289.10595703125	0.00015703565928287087
2289.305908203125	0.00015580606873945795
2289.506103515625	0.00016524703957722224
2289.7060546875	0.00017469551185355216
2289.90625	0.00018059161843464474
2290.0	0.00018366121480609866
2290.106201171875	0.00018714124608342874
2290.306396484375	0.00019466927371337368
2290.50634765625	0.00019863896068263138
2290.706298828125	0.00021168890087170454
2290.906494140625	0.0002202093762715341
2291.1064453125	0.00021997664727974424
2291.306396484375	0.0002421399966492382
2291.506591796875	0.0002471117561710681
2291.70654296875	0.0002543614283244465
2291.906494140625	0.00026649191360008224
2292.106689453125	0.00026660292450487533
2292.306640625	0.00028590420192046897
2292.506591796875	0.0003006659301428534
2292.706787109375	0.0003112080723252167
2292.90673828125	0.00032208444845634957
2293.10693359375	0.00035186643996015066
2293.306884765625	0.0003484273250647733
2293.507080078125	0.000362919418039676
2293.70703125	0.00038818820427537854
2293.906982421875	0.0004027084749252714
2294.107177734375	0.000410058409331598
2294.30712890625	0.0004363577657680027
2294.507080078125	0.00044993557269505327
2294.707275390625	0.0004847723637613809
2294.9072265625	0.0004918408606674094
2295.107421875	0.0005123287755157811
2295.307373046875	0.0005413429233891537
2295.50732421875	0.0005684163490834601
2295.70751953125	0.0006082874817504136
2295.907470703125	0.0006311507081902853
2296.107421875	0.0006586224218025313
2296.3076171875	0.0006867730188807816
2296.507568359375	0.0007241333310758213
2296.707763671875	0.0007454410396056324
2296.90771484375	0.0007720196849572865
2297.107666015625	0.000807818623367128
2297.307861328125	0.0008433187523685642
2297.5078125	0.0008975884415153117
2297.7080078125	0.0009315099019056571
2297.907958984375	0.0009690784788743312
2298.10791015625	0.0010172119695943662
2298.30810546875	0.0010759242670057162
2298.508056640625	0.0011442386946327514
2298.7080078125	0.001172397641405635
2298.908203125	0.0012599331048305568
2299.108154296875	0.0012838741940474068
2299.30810546875	0.0013480958687886017
2299.50830078125	0.0014245865388710093
2299.708251953125	0.0015235983493845776
2299.908447265625	0.0015939457767534147
2300.0	0.0016325303690535081
2300.1083984375	0.001678125170259749
2300.308349609375	0.0017503644710833769
2300.508544921875	0.0018725861958030412
2300.70849609375	0.001987601118864165
2300.90869140625	0.0020887850043275727
2301.108642578125	0.002164869600624657
2301.30859375	0.002274110325744155
2301.5087890625	0.0023847404198111158
2301.708740234375	0.002541486505281597
2301.90869140625	0.002651264422749686
2302.10888671875	0.0028085122860523784
2302.308837890625	0.002977788395376841
2302.5087890625	0.003089447766718739
2302.708984375	0.003270187055895034
2302.908935546875	0.003511767318726581
2303.109130859375	0.0036565480366793895
2303.30908203125	0.003834289360297241
2303.509033203125	0.0040416981252525816
2303.709228515625	0.004261523938631695
2303.9091796875	0.004535321985045923
2304.109375	0.004847848749710389
2304.309326171875	0.005115325893336244
2304.509521484375	0.005339380096732168
2304.70947265625	0.005628786341865578
2304.909423828125	0.006043518829660547
2305.109619140625	0.0063556101093830315
2305.3095703125	0.006722168907862793
2305.509521484375	0.007036301979740979
2305.709716796875	0.007370283172009125
2305.90966796875	0.007796795000726916
2306.109619140625	0.008330924825871635
2306.309814453125	0.00868825606170778
2306.509765625	0.009117524696674836
2306.709716796875	0.009553050850479262
2306.909912109375	0.0100429163478306
2307.10986328125	0.01061053587463127
2307.31005859375	0.01118249950329277
2307.510009765625	0.011638844793815706
2307.710205078125	0.012166652211856652
2307.91015625	0.012607168605019125
2308.110107421875	0.013344909369019223
2308.310302734375	0.014041268647507064
2308.51025390625	0.01465370262487176
2308.710205078125	0.015234694239573049
2308.910400390625	0.01581870865520263
2309.1103515625	0.016482092913294617
2309.310302734375	0.01738439149561263
2309.510498046875	0.01792664227970551
2309.71044921875	0.018530543095242213
2309.910400390625	0.019062034559864063
2310.0	0.0193157714351034
2310.110595703125	0.019629008527680118
2310.310546875	0.020272414556352925
2310.5107421875	0.02103499589405842
2310.710693359375	0.021601628218090037
2310.910888671875	0.022041994954542562
2311.11083984375	0.022589082112180418
2311.310791015625	0.0232678506853443
2311.510986328125	0.023891554803387033
2311.7109375	0.024464508429084663
2311.910888671875	0.02487503613141444
2312.111083984375	0.025249142906064812
2312.31103515625	0.025702853893951924
2312.510986328125	0.02624297865787378
2312.711181640625	0.026683097611865023
2312.9111328125	0.027006268761650562
2313.111328125	0.02739497817585126
2313.311279296875	0.027775811200229386
2313.51123046875	0.02814034635572294
2313.71142578125	0.028576900651140654
2313.911376953125	0.028827207498655746
2314.111572265625	0.029035498367665856
2314.3115234375	0.029180455198889885
2314.51171875	0.02948683937163725
2314.711669921875	0.02973396217024551
2314.91162109375	0.029957923249418015
2315.11181640625	0.030205663640249566
2315.311767578125	0.030294379709731867
2315.51171875	0.030452093337127895
2315.7119140625	0.030682261812918964
2315.911865234375	0.030862489701209042
2316.11181640625	0.030959935624929023
2316.31201171875	0.031178587399457697
2316.511962890625	0.031238937654306412
2316.7119140625	0.03144389604041867
2316.912109375	0.03155313271721981
2317.112060546875	0.03173728265014459
2317.312255859375	0.03189274392304738
2317.51220703125	0.03194489308866348
2317.71240234375	0.03211270047620832
2317.912353515625	0.03233078568584777
2318.1123046875	0.0323545929397315
2318.3125	0.032555909275781524
2318.512451171875	0.032655481704150426
2318.71240234375	0.03273542095949343
2318.91259765625	0.03294141841038127
2319.112548828125	0.03309383866014029
2319.3125	0.03328508238608277
2319.5126953125	0.03337582322657232
2319.712646484375	0.033510464508192714
2319.912841796875	0.03360199457010308
2320.0	0.033688758810354304
2320.11279296875	0.03380063571073779
2320.312744140625	0.03395003528468903
2320.512939453125	0.034148874400733706
2320.712890625	0.03428822688616862
2320.9130859375	0.03435783268551695
2321.113037109375	0.034682626836897976
2321.31298828125	0.03477790895863286
2321.51318359375	0.0350995815048449
2321.713134765625	0.03517046915592991
2321.9130859375	0.03525026115758145
2322.11328125	0.03554057258235883
2322.313232421875	0.03575390431101003
2322.51318359375	0.03589738210909625
2322.71337890625	0.03605083878868748
2322.913330078125	0.03612992274436206
2323.113525390625	0.036300931074704786
2323.3134765625	0.03653522148778921
2323.513427734375	0.03673511620629902
2323.713623046875	0.03683838765919131
2323.91357421875	0.03715026854627188
2324.11376953125	0.03722154102901595
2324.313720703125	0.03741188386613021
2324.513916015625	0.03760028209467542
2324.7138671875	0.03774153428115142
2324.913818359375	0.03789723184724512
2325.114013671875	0.03801329436422706
2325.31396484375	0.03819722416330588
2325.513916015625	0.03837815996272244
2325.714111328125	0.03851636384700571
2325.9140625	0.03866250147443757
2326.114013671875	0.038734311131189705
2326.314208984375	0.03896222012793917
2326.51416015625	0.0391257340833455
2326.71435546875	0.03924884697563862
2326.914306640625	0.03926937137443936
2327.1142578125	0.03946226446941958
2327.314453125	0.03950381628681384
2327.514404296875	0.03957696611566231
2327.714599609375	0.03981923418090259
2327.91455078125	0.03994302923040885
2328.114501953125	0.03997439635973518
2328.314697265625	0.040049811063990005
2328.5146484375	0.040129373648378396
2328.714599609375	0.04022652707662144
2328.914794921875	0.040366753184961364
2329.11474609375	0.04044162959721812
2329.314697265625	0.040436655877452085
2329.514892578125	0.04055464873525315
2329.71484375	0.04062169496198338
2329.9150390625	0.040691541393159884
2330.0	0.04070555587683443
2330.114990234375	0.04072487393686664
2330.315185546875	0.04079607030912223
2330.51513671875	0.040853496824176216
2330.715087890625	0.04090162904685344
2330.915283203125	0.04092495287140297
2331.115234375	0.0409506886908182
2331.315185546875	0.04106585971239841
2331.515380859375	0.041070582802476024
2331.71533203125	0.04114645639819738
2331.915283203125	0.04116639033158129
2332.115478515625	0.04115937885779871
2332.3154296875	0.041164452604218985
2332.515380859375	0.041259438035574185
2332.715576171875	0.04122406694627044
2332.91552734375	0.041192122924017235
2333.11572265625	0.0412304319724046
2333.315673828125	0.041261124412111154
2333.515869140625	0.0412094271871875
2333.7158203125	0.04120028000659889
2333.916015625	0.0410948169284561
2334.115966796875	0.041210751308294026
2334.31591796875	0.041037606477472725
2334.51611328125	0.04099476282974627
2334.716064453125	0.04089325975861699
2334.916015625	0.04088329222389712
2335.1162109375	0.04062379492637358
2335.316162109375	0.04058318640521788
2335.51611328125	0.04025919642547158
2335.71630859375	0.04015212795087731
2335.916259765625	0.03999877434872943
2336.1162109375	0.039853326845374314
2336.31640625	0.039656358910254215
2336.516357421875	0.0394036232387906
2336.716552734375	0.039017195083803254
2336.91650390625	0.038628451509134465
2337.11669921875	0.03849146559593733
2337.316650390625	0.038002794616924206
2337.5166015625	0.037496441604130015
2337.716796875	0.037288661791511704
2337.916748046875	0.03673409737894066
2338.11669921875	0.03631513431979823
2338.31689453125	0.03586144601127665
2338.516845703125	0.03529277188188452
2338.716796875	0.034663793987106395
2338.9169921875	0.03400447517760864
2339.116943359375	0.033440051273143624
2339.317138671875	0.03285996419236882
2339.51708984375	0.032013834958105766
2339.717041015625	0.031194481648238345
2339.917236328125	0.030556351211499064
2340.0	0.03028531034214736
2340.1171875	0.029901367910049173
2340.3173828125	0.029202306319005916
2340.517333984375	0.028505303862965473
2340.71728515625	0.027484417555937547
2340.91748046875	0.0267194069573035
2341.117431640625	0.025821707298228844
2341.3173828125	0.025223132125753143
2341.517578125	0.024324546581869052
2341.717529296875	0.023494807437666184
2341.91748046875	0.022629940219529302
2342.11767578125	0.021816818004144638
2342.317626953125	0.021224756409574254
2342.517822265625	0.020526855783194145
2342.7177734375	0.01970969331366772
2342.91796875	0.018820536702295547
2343.117919921875	0.018148429747410537
2343.31787109375	0.01738120140883009
2343.51806640625	0.016712561936351837
2343.718017578125	0.01605268275067367
2343.918212890625	0.015256521438211147
2344.1181640625	0.014608192008961775
2344.318115234375	0.013989030940464062
2344.518310546875	0.013462692967950326
2344.71826171875	0.012907586228500847
2344.918212890625	0.012267768737036193
2345.118408203125	0.011632182802205123
2345.318359375	0.011137364145495543
2345.518310546875	0.010674661353172948
2345.718505859375	0.010212064893383103
2345.91845703125	0.009681242181217905
2346.11865234375	0.009151900284137707
2346.318603515625	0.008754762234364284
2346.518798828125	0.008402176341067252
2346.71875	0.00803423713785996
2346.918701171875	0.007751444003431098
2347.118896484375	0.007373962006589252
2347.31884765625	0.006909473286019868
2347.518798828125	0.006631794662930524
2347.718994140625	0.006358911743906022
2347.9189453125	0.006131079867510427
2348.118896484375	0.005800335896374051
2348.319091796875	0.00548531683252057
2348.51904296875	0.005240101158788219
2348.718994140625	0.005030458977536726
2348.919189453125	0.004852530109772306
2349.119140625	0.004641255426853694
2349.3193359375	0.004376091898845128
2349.519287109375	0.004164575907347957
2349.719482421875	0.003998964749420806
2349.91943359375	0.0037978558130387255
2350.0	0.003737481723871856
2350.119384765625	0.003647987210475576
2350.319580078125	0.0034771328947821034
2350.51953125	0.003316108960327691
2350.719482421875	0.0031783938992986497
2350.919677734375	0.0030735789563095467
2351.11962890625	0.002932889074421022
2351.319580078125	0.002848882096105474
2351.519775390625	0.0026874783754712514
2351.7197265625	0.00256857891767396
2351.919921875	0.0024844090112744912
2352.119873046875	0.0023906053924483664
2352.31982421875	0.002284320072984379
2352.52001953125	0.0021854401640842144
2352.719970703125	0.0020772670685586026
2352.920166015625	0.0020156055495034993
2353.1201171875	0.0019187088067466349
2353.3203125	0.0018797356713666736
2353.520263671875	0.001779905159331448
2353.72021484375	0.001695679633138077
2353.92041015625	0.0016327671887678555
2354.120361328125	0.0015965246933766373
2354.3203125	0.001512183593423083
2354.5205078125	0.0014591469377904112
2354.720458984375	0.0013843456626976688
2354.92041015625	0.0013504937281626785
2355.12060546875	0.001282754829025533
2355.320556640625	0.0012645490183107832
2355.520751953125	0.0012145869854768272
2355.720703125	0.0011753018550770852
2355.9208984375	0.0011367102705328838
2356.120849609375	0.001093099938543499
2356.32080078125	0.0010558940085406607
2356.52099609375	0.0010158112693319664
2356.720947265625	0.0009832097254688118
2356.9208984375	0.0009302211324218963
2357.12109375	0.0009065164296879381
2357.321044921875	0.0008642060684655489
2357.52099609375	0.0008436899165357542
2357.72119140625	0.0008177969665686238
2357.921142578125	0.0007918901011122934
2358.12109375	0.0007509363701208669
2358.3212890625	0.0007224921546642784
2358.521240234375	0.0007119385651330227
2358.721435546875	0.000685618234800798
2358.92138671875	0.000663941723304648
2359.12158203125	0.0006433292179393932
2359.321533203125	0.0006298754448104254
2359.521484375	0.0005859344606330592
2359.7216796875	0.0005839364658869989
2359.921630859375	0.0005661509574312939
2360.0	0.0005559429485255073
2360.12158203125	0.0005400949186632011
2360.32177734375	0.0005369945251197217
2360.521728515625	0.0005005017773359724
2360.7216796875	0.0004966719195774772
2360.921875	0.0004881705096379056
2361.121826171875	0.0004609812823443138
2361.322021484375	0.0004470763301364093
2361.52197265625	0.0004248965622590571
2361.72216796875	0.0004145717326682872
2361.922119140625	0.0004268994240827745
2362.1220703125	0.0003913886359970576
2362.322265625	0.0003975998219334622
2362.522216796875	0.00037178221773524815
2362.722412109375	0.00035855202197814033
2362.92236328125	0.00034423508678137346
2363.122314453125	0.0003461186474471934
2363.322509765625	0.0003256676407801449
2363.5224609375	0.0003088099659339473
2363.722412109375	0.00030347779824653823
2363.922607421875	0.00029165389350977735
2364.12255859375	0.00029496933203335737
2364.322509765625	0.0002950401763764301
2364.522705078125	0.0002694963407697715
2364.72265625	0.00026450905034743283
2364.9228515625	0.00025518806642458523
2365.122802734375	0.0002516389990540137
2365.322998046875	0.00024628269842523357
2365.52294921875	0.0002459805835520903
2365.722900390625	0.00022942017951712448
2365.923095703125	0.00023345044836383343
2366.123046875	0.0002129029575774013
2366.322998046875	0.0002136770947965335
2366.523193359375	0.0002151749602300854
2366.72314453125	0.00019931063445878197
2366.923095703125	0.00019574028835961342
2367.123291015625	0.00018565409654634055
2367.3232421875	0.00018823251367322975
2367.5234375	0.0001857431435736079
2367.723388671875	0.0001785444814786878
2367.92333984375	0.00017496478741655123
2368.12353515625	0.00016920943382565384
2368.323486328125	0.0001591021940478406
2368.523681640625	0.00016276541016661366
2368.7236328125	0.00016062882273132904
2368.923583984375	0.00014942417900835274
2369.123779296875	0.0001360376137505208
2369.32373046875	0.00015385001385519962
2369.523681640625	0.00014807977378455812
2369.723876953125	0.00013286808839508882
2369.923828125	0.00013943594121448933
2370.0	0.00013875693516699814
2370.123779296875	0.00013765462589463768
2370.323974609375	0.00013151369533384905
2370.52392578125	0.0001257329782073145
2370.72412109375	0.0001275824699761276
2370.924072265625	0.00012143419886277533
2371.124267578125	0.00010873679764710315
2371.32421875	0.00011276586034612648
2371.524169921875	0.00010333439752039878
2371.724365234375	0.00011646280645523351
2371.92431640625	0.00010083879468936936
2372.12451171875	0.0001052340770455242
2372.324462890625	0.00010817465704139204
2372.5244140625	0.00010018722066369632
2372.724609375	0.00010094157496298133
2372.924560546875	9.659323408936107e-05
2373.12451171875	0.00010354512057922579
2373.32470703125	8.788989481301866e-05
2373.524658203125	8.718268483948476e-05
2373.724609375	9.085359642229444e-05
2373.9248046875	9.087672917035242e-05
2374.124755859375	8.542394856280184e-05
2374.324951171875	8.033355795387754e-05
2374.52490234375	8.437167874993868e-05
2374.72509765625	8.731585004587237e-05
2374.925048828125	8.441459687780895e-05
2375.125	8.333947595250768e-05
2375.3251953125	7.933887987051541e-05
2375.525146484375	7.167912801717278e-05
2375.72509765625	6.511288827746784e-05
2375.92529296875	8.013116395337309e-05
2376.125244140625	7.502767871970086e-05
2376.3251953125	7.321631672236131e-05
2376.525390625	5.602471954411462e-05
2376.725341796875	7.288725382947493e-05
2376.925537109375	6.411311659732378e-05
2377.12548828125	6.339647828867325e-05
2377.32568359375	6.451222238183104e-05
2377.525634765625	6.232874887741915e-05
2377.7255859375	5.9043968434196914e-05
2377.92578125	6.346087119160104e-05
2378.125732421875	5.2469398378773e-05
2378.32568359375	5.5418799896016676e-05
2378.52587890625	6.240785838542084e-05
2378.725830078125	5.4345321729389504e-05
2378.92578125	4.8115143154878836e-05
2379.1259765625	5.253596749992302e-05
2379.325927734375	4.3729817702854545e-05
2379.52587890625	5.0357164196047356e-05
2379.72607421875	4.8163956005154244e-05
2379.926025390625	4.3027562682277826e-05
2380.0	4.4662433069854365e-05
2380.126220703125	4.7452593843359055e-05
2380.326171875	5.0775969382555124e-05
2380.5263671875	4.158786120773848e-05
2380.726318359375	5.2273945377647746e-05
2380.926513671875	4.0872277032406487e-05
2381.12646484375	4.272407515129979e-05
2381.326416015625	4.7155611413777346e-05
2381.526611328125	3.205911764783439e-05
2381.7265625	2.9855619340109324e-05
2381.926513671875	4.497897995377749e-05
2382.126708984375	3.4664626460124226e-05
2382.32666015625	5.053448933184054e-05
2382.526611328125	4.870236065767721e-05
2382.726806640625	3.838116886462882e-05
2382.9267578125	4.2451336603006567e-05
2383.126953125	3.913885974487546e-05
2383.326904296875	3.767134228657005e-05
2383.527099609375	4.06361338843856e-05
2383.72705078125	3.2886547968206546e-05
2383.927001953125	3.363398270906062e-05
2384.127197265625	3.2533309580299325e-05
2384.3271484375	3.4020602521868244e-05
2384.527099609375	3.476886812948364e-05
2384.727294921875	3.218774783535371e-05
2384.92724609375	4.144745461756762e-05
2385.127197265625	3.331431409042486e-05
2385.327392578125	3.7025162240944216e-05
2385.52734375	2.925718488218195e-05
2385.727294921875	4.185934271636284e-05
2385.927490234375	3.2977102690590704e-05
2386.12744140625	3.4467827255669884e-05
2386.32763671875	3.2993582416411954e-05
2386.527587890625	3.3372625920498976e-05
2386.727783203125	3.375186782476972e-05
2386.927734375	3.635723220987774e-05
2387.127685546875	3.191328824414541e-05
2387.327880859375	2.412653616281185e-05
2387.52783203125	3.4156847639997136e-05
2387.727783203125	2.6366749959594302e-05
2387.927978515625	3.305952971116714e-05
2388.1279296875	2.3779072442822588e-05
2388.327880859375	3.23327367275159e-05
2388.528076171875	3.345600825020528e-05
2388.72802734375	2.0078609065665666e-05
2388.92822265625	2.4546647153187147e-05
2389.128173828125	2.8644888163065136e-05
2389.328369140625	2.2326259601106e-05
2389.5283203125	2.605379526089493e-05
2389.728515625	3.0155480985684324e-05
2389.928466796875	2.1970576352355112e-05
2390.0	2.237223154333949e-05
2390.12841796875	2.309316172502846e-05
2390.32861328125	2.3470993137672348e-05
2390.528564453125	1.937730384526119e-05
2390.728515625	2.1618078388371876e-05
2390.9287109375	7.82902221332616e-06
2391.128662109375	2.6848483961064364e-05
2391.32861328125	1.6411146889492363e-05
2391.52880859375	1.9399418987988247e-05
2391.728759765625	1.1194522695701778e-05
2391.9287109375	1.2690018513229292e-05
2392.12890625	1.2319593608043637e-05
2392.328857421875	1.4562836505005454e-05
2392.529052734375	2.1662492563122783e-05
2392.72900390625	5.603643980001247e-06
2392.92919921875	8.220552545683064e-06
2393.129150390625	1.2333637795895618e-05
2393.3291015625	1.345794078781031e-05
2393.529296875	1.4582758694085797e-05
2393.729248046875	2.2440117333747043e-05
2393.92919921875	2.2445227528599652e-06
2394.12939453125	6.7351023887050625e-06
2394.329345703125	1.047920862167542e-05
2394.529296875	1.0855936462343462e-05
2394.7294921875	1.1607262954881772e-05
2394.929443359375	1.835113683078454e-05
2395.129638671875	1.086335093749597e-05
2395.32958984375	4.8708848293763005e-06
2395.52978515625	2.9981497301835363e-06
2395.729736328125	7.497078126037442e-06
2395.9296875	1.087323482614661e-05
2396.1298828125	9.000586202666343e-06
2400.0	8.544505497333695e-06
2410.0	7.258808703631951e-06
2420.0	5.974192804939914e-06
2430.0	4.69114159055611e-06
2440.0	3.402081474485866e-06
2449.942138671875	2.1306531582177136e-06
2450.0	2.1272854045851286e-06
2459.9443359375	1.5498175948566125e-06
2460.0	1.548346569027125e-06
2469.94677734375	1.2849100240022018e-06
2470.0	1.2837498524403064e-06
2479.948974609375	1.0685810932790357e-06
2480.0	1.068072435450554e-06
2489.951416015625	9.691123815540407e-07
2490.0	9.688484917933016e-07
2499.95361328125	9.140836459107307e-07
2500.0	9.140362611450056e-07
2509.9560546875	9.016259976635792e-07
2510.0	9.016777230017054e-07
2519.958251953125	9.133080030549311e-07
2520.0	9.135125777846046e-07
2529.960693359375	9.611230350820144e-07
2530.0	9.612795500931304e-07
2539.962890625	1.0015621627876509e-06
2540.0	1.0021462134248465e-06
2549.96533203125	1.1579922768753714e-06
2550.0	1.1583670264165763e-06
2559.9677734375	1.2642480692280768e-06
2560.0	1.2650391145103121e-06
2569.969970703125	1.5093459433402652e-06
2570.0	1.5100168761209251e-06
2579.972412109375	1.7313684417062822e-06
2580.0	1.73223720559989e-06
2589.974853515625	2.042434125742256e-06
2590.0	2.0433385431623387e-06
2599.97705078125	2.401664321972989e-06
2600.0	2.4025000152943596e-06
2609.9794921875	2.7500501911308293e-06
2610.0	2.7508540459322045e-06
2619.98193359375	3.134395485906376e-06
2620.0	3.1352050794862147e-06
2629.984375	3.5798272019780028e-06
2630.0	3.5807238323123124e-06
2639.986572265625	4.148430507257569e-06
2640.0	4.149381152449006e-06
2649.989013671875	4.8434130929729034e-06
2650.0	4.844663189195377e-06
2659.991455078125	5.971911248793791e-06
2660.0	5.973440044668231e-06
2669.993896484375	7.739297333683546e-06
2670.0	7.741105222836404e-06
2679.99609375	1.0655284297077894e-05
2680.0	1.0656720890107677e-05
2689.99853515625	1.4296575838506476e-05
2690.0	1.4297113529255052e-05
2700.0	1.7919452016520407e-05
2700.0009765625	1.791982099269186e-05
2710.0	2.1188024675432617e-05
2710.00341796875	2.1189147082896288e-05
2720.0	2.4227070340102683e-05
2720.005859375	2.4228850414399707e-05
2730.0	2.4560871807660553e-05
2730.00830078125	2.456112900354246e-05
2740.0	2.364892631840976e-05
2740.0107421875	2.364797006787688e-05
2750.0	2.062989116343268e-05
2750.01318359375	2.0625884683957124e-05
2760.0	1.7275613546274224e-05
2760.015625	1.7270402982244426e-05
2770.0	1.3863259967644679e-05
2770.01806640625	1.385709694040798e-05
2780.0	1.0940365460238195e-05
2780.0205078125	1.0934354718304865e-05
2790.0	8.75300135938332e-06
2790.02294921875	8.748009576383813e-06
2800.0	7.183681536925442e-06
2800.025390625	7.179794118926866e-06
2810.0	6.127665407802493e-06
2810.02783203125	6.124700210264757e-06
2820.0	5.156641292542804e-06
2820.0302734375	5.153705274281236e-06
2830.0	4.2705075793721665e-06
2830.03271484375	4.267568226646993e-06
2840.0	3.6392609548005576e-06
2840.03515625	3.6370502411292654e-06
2850.0	3.0603173393217896e-06
2850.03759765625	3.0581332820474294e-06
2860.0	2.61187590580927e-06
2860.0400390625	2.610066298043366e-06
2870.0	2.189204536109615e-06
2870.04248046875	2.1874129313940266e-06
2880.0	1.8908918557066878e-06
2880.044921875	1.8895415226344911e-06
2890.0	1.6730840795083405e-06
2890.04736328125	1.6720585568813937e-06
2900.0	1.489295277726618e-06
2900.0498046875	1.4884077850090967e-06
2910.0	1.353595680220033e-06
2910.05224609375	1.352875626755625e-06
2920.0	1.2561256641006168e-06
2920.0546875	1.2555960397732011e-06
2930.0	1.1966157878032186e-06
2930.057373046875	1.1962663945461753e-06
2940.0	1.07935638324606e-06
2940.059814453125	1.0786538629831152e-06
2950.0	1.0574313342671074e-06
2950.062255859375	1.0572970660899009e-06
2960.0	1.0044372924257802e-06
2960.064697265625	1.0040844037928382e-06
2970.0	9.609581010149842e-07
2970.067138671875	9.606702334920593e-07
2980.0	9.458334649480366e-07
2980.069580078125	9.457225101065957e-07
2990.0	9.367883182885936e-07
2990.072265625	9.367286610065167e-07
3000.0	9.21740092632768e-07
3000.07470703125	9.215750795701368e-07
3010.0	9.129632348539296e-07
3010.0771484375	9.129025717360694e-07
3020.0	8.801134931166228e-07
3020.07958984375	8.79850220359912e-07
3030.0	9.377297387627896e-07
3030.082275390625	9.382027608385248e-07
3040.0	9.060939444982211e-07
3040.084716796875	9.058265361872203e-07
3050.0	9.354856837780335e-07
3050.087158203125	9.357392401095502e-07
3060.0	1.0083198528785764e-06
3060.089599609375	1.008983794703515e-06
3070.0	1.0182668736796095e-06
3070.09228515625	1.018344920671939e-06
3080.0	1.1055663588687155e-06
3080.0947265625	1.1064093693298201e-06
3090.0	1.1734265667063438e-06
3090.09716796875	1.1740741403303584e-06
3100.0	1.2959872684327614e-06
3100.099609375	1.2972247149438417e-06
3110.0	1.4261642520083102e-06
3110.102294921875	1.4274972912605381e-06
3120.0	1.6025975733732689e-06
3120.104736328125	1.6044365842582195e-06
3130.0	1.8081055132997102e-06
3130.107177734375	1.8103281334567724e-06
3140.0	2.0924689126033862e-06
3140.10986328125	2.095583608045027e-06
3150.0	2.4460482759520047e-06
3150.1123046875	2.4500512074795653e-06
3160.0	3.003785160775313e-06
3160.11474609375	3.01018423811963e-06
3170.0	3.7118410779804584e-06
3170.1171875	3.7201953649041413e-06
3180.0	4.5614893915622575e-06
3180.119873046875	4.571651149689132e-06
3190.0	5.9028796903380505e-06
3190.122314453125	5.91941948032104e-06
3200.0	7.86679565010411e-06
3200.125	7.891255005820177e-06
3210.0	1.0973338573907486e-05
3210.12744140625	1.1013182055515548e-05
3220.0	1.5738216464123252e-05
3220.1298828125	1.5800163206167417e-05
3230.0	2.3807520352075984e-05
3230.132568359375	2.39151958778536e-05
3240.0	3.770647612404879e-05
3240.135009765625	3.7894616733544774e-05
3250.0	6.124906403633679e-05
3250.1376953125	6.157532707513032e-05
3260.0	9.81512307717094e-05
3260.14013671875	9.866943555398378e-05
3270.0	0.0001524719599278359
3270.142578125	0.00015325078196308346
3280.0	0.00021146921260197071
3280.145263671875	0.00021232393749440258
3290.0	0.0002703316930443963
3290.147705078125	0.00027120341215533034
3300.0	0.0003199200751646619
3300.150390625	0.00032065903508748147
3310.0	0.00033626356951623143
3310.15283203125	0.0003365099053766902
3320.0	0.00033606607592872684
3320.1552734375	0.0003360544685859077
3330.0	0.0003147045576684377
3330.157958984375	0.0003143668734632158
3340.0	0.00028364542228185896
3340.160400390625	0.0002831410122562088
3350.0	0.0002671103961676338
3350.1630859375	0.0002668489179096591
3360.0	0.0002580954106217049
3360.16552734375	0.00025794444367565163
3370.0	0.00025867221015538934
3370.168212890625	0.0002586884935987681
3380.0	0.0002704310969339445
3380.170654296875	0.00027063075915537534
3390.0	0.00028652818822300823
3390.173095703125	0.00028681211549761126
3400.0	0.000296705596499096
3400.17578125	0.0002968510393445888
3410.0	0.0002978464787331367
3410.17822265625	0.00029786887038733546
3420.0	0.0002919063461779694
3420.180908203125	0.0002917923422302541
3430.0	0.00027223856926869485
3430.183349609375	0.00027187977740974367
3440.0	0.0002437530705301636
3440.18603515625	0.0002432190518953615
3450.0	0.00021189503618011368
3450.188720703125	0.0002113001159550409
3460.0	0.0001792938351689876
3460.191162109375	0.00017867082953963205
3470.0	0.00015051481731261643
3470.193603515625	0.00014996280637564102
3480.0	0.00012679041990452334
3480.1962890625	0.00012633188747617383
3490.0	0.00010545120884886837
3490.19873046875	0.0001050286247047902
3500.0	9.228808935169733e-05
3500.201416015625	9.20296628022245e-05
3510.0	8.138623353360474e-05
3510.2041015625	8.116439267264746e-05
3520.0	7.43683633725435e-05
3520.20654296875	7.422737025641185e-05
3530.0	6.896955140684215e-05
3530.208984375	6.885674317249878e-05
3540.0	6.64974979968092e-05
3540.211669921875	6.64480277611046e-05
3550.0	6.51956947017627e-05
3550.21435546875	6.516716111142233e-05
3560.0	6.591246629979268e-05
3560.216796875	6.592878387366492e-05
3570.0	6.704390847435357e-05
3570.219482421875	6.706995182777203e-05
3580.0	7.09107172507131e-05
3580.221923828125	7.099584261625344e-05
3590.0	7.431683196823515e-05
3590.224609375	7.43939148665695e-05
3600.0	7.861433434197723e-05
3600.22705078125	7.872755675051023e-05
3610.0	8.157822640037287e-05
3610.229736328125	8.164702036723592e-05
3620.0	8.581037405673493e-05
3620.232421875	8.590796383633188e-05
3630.0	8.872486416047657e-05
3630.23486328125	8.879242401323544e-05
3640.0	8.972599899274367e-05
3640.237548828125	8.975061414801302e-05
3650.0	8.717023989623506e-05
3650.239990234375	8.710479102742592e-05
3660.0	8.408062861362937e-05
3660.24267578125	8.400706018089766e-05
3670.0	7.921827268960763e-05
3670.2451171875	7.909592646616983e-05
3680.0	7.156673597676948e-05
3680.247802734375	7.137508369941848e-05
3690.0	6.337206593960713e-05
3690.25048828125	6.316746288446025e-05
3700.0	5.5638387898748364e-05
3700.2529296875	5.544127315578152e-05
3710.0	4.8282265438009574e-05
3710.255615234375	4.809520901419799e-05
3720.0	4.21193667556822e-05
3720.25830078125	4.195955735612884e-05
3730.0	3.7506290357583554e-05
3730.2607421875	3.738685628285809e-05
3740.0	3.341727892566437e-05
3740.26318359375	3.3310550322635164e-05
3750.0	3.016429926443133e-05
3750.265869140625	3.0077443928107392e-05
3760.0	2.7337816065158116e-05
3760.2685546875	2.726271500099547e-05
3770.0	2.4932973668381958e-05
3770.27099609375	2.4867320298605165e-05
3780.0	2.310752290086336e-05
3780.273681640625	2.305791809558928e-05
3790.0	2.22553963044743e-05
3790.2763671875	2.2233076623450476e-05
3800.0	2.1279720118120178e-05
3800.27880859375	2.1254108624667373e-05
3810.0	2.106095937299247e-05
3810.281494140625	2.1055310257913698e-05
3820.0	2.067363582535467e-05
3820.2841796875	2.0662897580874372e-05
3830.0	2.010808604039705e-05
3830.28662109375	2.009108476921588e-05
3840.0	2.0545030774365617e-05
3840.289306640625	2.055912278206755e-05
3850.0	2.0521021674552834e-05
3850.2919921875	2.0519322799829172e-05
3860.0	2.0788057963237544e-05
3860.29443359375	2.079623194136705e-05
3870.0	2.0810956804787688e-05
3870.297119140625	2.0811923688414182e-05
3880.0	2.1808600275155407e-05
3880.2998046875	2.1839001810368125e-05
3890.0	2.2330880312688564e-05
3890.30224609375	2.23462656245297e-05
3900.0	2.2631803090788895e-05
3900.304931640625	2.2641401396924487e-05
3910.0	2.3307422220027515e-05
3910.3076171875	2.3328035220901998e-05
3920.0	2.3413541047390674e-05
3920.31005859375	2.3416264616517233e-05
3930.0	2.364156815079865e-05
3930.312744140625	2.364949171846393e-05
3940.0	2.350399762472042e-05
3940.3154296875	2.349855738504991e-05
3950.0	2.3287142273496247e-05
3950.318115234375	2.3280130734490156e-05
3960.0	2.2637074856391644e-05
3960.320556640625	2.261626901840009e-05
3970.0	2.223262507810347e-05
3970.3232421875	2.221908154120215e-05
3980.0	2.163854265166331e-05
3980.32568359375	2.1618873927711064e-05
3990.0	2.039729612122844e-05
3990.328369140625	2.0356166998355418e-05
4000.0	1.9754486406929973e-05
4000.3310546875	1.9730743712487447e-05
4010.0	1.860395077289405e-05
4010.33349609375	1.8565021905779897e-05
4020.0	1.7671622473064854e-05
4020.336181640625	1.7641010772179307e-05
4030.0	1.660628737448426e-05
4030.3388671875	1.656978320991736e-05
4040.0	1.5768201551535507e-05
4040.341552734375	1.573979958452452e-05
4050.0	1.5044228597280076e-05
4050.343994140625	1.5019842707016453e-05
4060.0	1.4246654408208482e-05
4060.3466796875	1.4218383641607887e-05
4070.0	1.3876099871580163e-05
4070.349365234375	1.3863681549401679e-05
4080.0	1.312699580837194e-05
4080.351806640625	1.3100479960069911e-05
4090.0	1.2775597229403566e-05
4090.3544921875	1.2763231708458904e-05
4100.0	1.2503016105227775e-05
4100.357421875	1.2493349205356035e-05
4110.0	1.2245571600647708e-05
4110.35986328125	1.2236678945859533e-05
4120.0	1.201150511260163e-05
4120.3623046875	1.200263874816534e-05
4130.0	1.2024586782771155e-05
4130.365234375	1.2025414807096221e-05
4140.0	1.1732377236366845e-05
4140.36767578125	1.1721170010347697e-05
4150.0	1.1772991855719856e-05
4150.3701171875	1.1775356564035735e-05
4160.0	1.169485403416732e-05
4160.373046875	1.1691347933445762e-05
4170.0	1.2016151909543333e-05
4170.37548828125	1.2028838101690093e-05
4180.0	1.2180257179604392e-05
4180.3779296875	1.218660363321879e-05
4190.0	1.2435087932197194e-05
4190.380859375	1.244453703635513e-05
4200.0	1.2570943923515966e-05
4200.38330078125	1.2575984962293603e-05
4210.0	1.2807137329078805e-05
4210.38623046875	1.2816432417044323e-05
4220.0	1.312074324758758e-05
4220.388671875	1.3133501983951088e-05
4230.0	1.3616785551296808e-05
4230.39111328125	1.3635835891493485e-05
4240.0	1.399385421409591e-05
4240.39404296875	1.4008550729828837e-05
4250.0	1.4465981734909036e-05
4250.396484375	1.448537617904781e-05
4260.0	1.4655791197349578e-05
4260.3994140625	1.4662387331033229e-05
4270.0	1.5118475403136657e-05
4270.40185546875	1.513758777805221e-05
4280.0	1.5464084348071276e-05
4280.404296875	1.547785057638933e-05
4290.0	1.537072358059063e-05
4290.4072265625	1.536670101497597e-05
4300.0	1.5597872143668906e-05
4300.40966796875	1.5607213783183262e-05
4310.0	1.5478539703619293e-05
4310.412109375	1.547299901599975e-05
4320.0	1.526459284398448e-05
4320.4150390625	1.525555857058247e-05
4330.0	1.4943780796813886e-05
4330.41748046875	1.4930713452391413e-05
4340.0	1.4614497908657913e-05
4340.42041015625	1.4600066067015754e-05
4350.0	1.4125634942154148e-05
4350.4228515625	1.4104661301561199e-05
4360.0	1.3652905804957588e-05
4360.42529296875	1.3632813252476837e-05
4370.0	1.317489849996348e-05
4370.42822265625	1.3154870269036132e-05
4380.0	1.2260215930387836e-05
4380.4306640625	1.2219424905124192e-05
4390.0	1.1933744121750179e-05
4390.43359375	1.1920780740016695e-05
4400.0	1.1262303680495882e-05
4400.43603515625	1.123225168381489e-05
4410.0	1.0738808425560931e-05
4410.4384765625	1.0716156312786664e-05
4420.0	1.0095763917642454e-05
4420.44140625	1.0067464116100071e-05
4430.0	9.636570356722118e-06
4430.44384765625	9.616315711541908e-06
4440.0	9.34062529181851e-06
4440.4462890625	9.32772618789894e-06
4450.0	8.79493883521635e-06
4450.44921875	8.769844755019684e-06
4460.0	8.53591892013921e-06
4460.45166015625	8.525165000069144e-06
4470.0	8.279987705945176e-06
4470.45458984375	8.267964073644271e-06
4480.0	7.860701824962291e-06
4480.45703125	7.841171070264752e-06
4490.0	7.561090932561415e-06
4490.45947265625	7.547582578260725e-06
4500.0	7.421762041277903e-06
4500.46240234375	7.4153026394496245e-06
4510.0	7.2501238472202295e-06
4510.46484375	7.242353921811626e-06
4520.0	7.166850220784579e-06
4520.4677734375	7.162854403690563e-06
4530.0	6.882453598830427e-06
4530.47021484375	6.868613562369865e-06
4540.0	6.852956792760646e-06
4540.47265625	6.852179740066818e-06
4550.0	6.7256338422779735e-06
4550.4755859375	6.719312618551545e-06
4560.0	6.6227427264662174e-06
4560.47802734375	6.6181619867677434e-06
4570.0	6.663749670837128e-06
4570.48095703125	6.665781291629552e-06
4580.0	6.6110073611345374e-06
4580.4833984375	6.608224635016255e-06
4590.0	6.571274811771949e-06
4590.486328125	6.569385889215534e-06
4600.0	6.625135177995931e-06
4600.48876953125	6.628000381313965e-06
4610.0	6.595346588418465e-06
4610.4912109375	6.5939342601618314e-06
4620.0	6.697465886732576e-06
4620.494140625	6.7025700833218446e-06
4630.0	6.70753483468763e-06
4630.49658203125	6.707720688909441e-06
4640.0	6.729287557363489e-06
4640.49951171875	6.730421499520177e-06
4650.0	6.809523015351437e-06
4650.501953125	6.813704232808623e-06
4660.0	6.937952007127074e-06
4660.50439453125	6.944553024232546e-06
4670.0	6.958905715262843e-06
4670.50732421875	6.95997249931247e-06
4680.0	7.172082769210892e-06
4680.509765625	7.1831754037582045e-06
4690.0	7.2793231406453514e-06
4690.5126953125	7.284518005399351e-06
4700.0	7.3678828767652175e-06
4700.51513671875	7.372410308323512e-06
4710.0	7.580476895550563e-06
4710.51806640625	7.591845445139592e-06
4720.0	7.633682572832548e-06
4720.5205078125	7.635981218899503e-06
4730.0	7.746175087825482e-06
4730.5234375	7.752261836474333e-06
4740.0	7.769826067146103e-06
4740.52587890625	7.771148828059776e-06
4750.0	7.924593167892402e-06
4750.5283203125	7.932803343385007e-06
4760.0	8.088559649602519e-06
4760.53125	8.097298704136262e-06
4770.0	8.072772406927293e-06
4770.53369140625	8.071389534276662e-06
4780.0	8.178561877855744e-06
4780.53662109375	8.184639273962025e-06
4790.0	8.21871842181865e-06
4790.5390625	8.220659599297312e-06
4800.0	8.12820674050853e-06
4800.54150390625	8.122913213236347e-06
4810.0	8.050507639547503e-06
4810.54443359375	8.046711095547985e-06
4820.0	8.000206769871015e-06
4820.546875	7.997143804744054e-06
4830.0	7.876024264666941e-06
4830.5498046875	7.868929884038771e-06
4840.0	7.792077482624423e-06
4840.55224609375	7.78758530666862e-06
4850.0	7.745174309933201e-06
4850.55517578125	7.742680172982352e-06
4860.0	7.5686731876001765e-06
4860.5576171875	7.558396736220533e-06
4870.0	7.373493248774841e-06
4870.56005859375	7.362524096283795e-06
4880.0	7.164766590144859e-06
4880.56298828125	7.1529715869216794e-06
4890.0	7.002016099954639e-06
4890.5654296875	6.9933051450401e-06
4900.0	6.833508702141499e-06
4900.568359375	6.8235427107359015e-06
4910.0	6.678842910939936e-06
4910.57080078125	6.670082348228269e-06
4920.0	6.469807821147121e-06
4920.57373046875	6.457620074827181e-06
4930.0	6.33314081571044e-06
4930.576171875	6.325531994150798e-06
4940.0	6.144809400990788e-06
4940.5791015625	6.133701643067972e-06
4950.0	6.024420562350314e-06
4950.58154296875	6.017673040322816e-06
4960.0	5.88416566914973e-06
4960.583984375	5.8758844709498125e-06
4970.0	5.666090575899034e-06
4970.5869140625	5.653010575749375e-06
4980.0	5.572830724692636e-06
4980.58935546875	5.56781039707509e-06
4990.0	5.435226353260506e-06
4990.59228515625	5.427153162998954e-06
5000.0	5.336267106920977e-06
5000.5947265625	5.3301623167297285e-06
5010.0	5.280701330937071e-06
5010.59765625	5.277559378211118e-06
5020.0	5.222629016216776e-06
5020.60009765625	5.219123624252483e-06
5030.0	5.155611754475641e-06
5030.60302734375	5.151466847910485e-06
5040.0	5.017272590795211e-06
5040.60546875	5.008628626825192e-06
5050.0	5.023240313034534e-06
5050.60791015625	5.024185132322508e-06
5060.0	4.990898513210841e-06
5060.61083984375	4.988734583208642e-06
5070.0	4.90935660219736e-06
5070.61328125	4.904173473280361e-06
5080.0	4.87529041458808e-06
5080.6162109375	4.8733952326240425e-06
5090.0	4.8607640198768605e-06
5090.61865234375	4.859931930818657e-06
5100.0	4.822093596144023e-06
5100.62158203125	4.819587546252131e-06
5110.0	4.75631999857332e-06
5110.6240234375	4.752110328281064e-06
5120.0	4.7616982142265e-06
5120.62646484375	4.762337735106376e-06
5130.0	4.817379385151884e-06
5130.62939453125	4.821331300043011e-06
5140.0	4.7823847221492595e-06
5140.63232421875	4.779500531389303e-06
5150.0	4.87044823268783e-06
5150.634765625	4.876610054646429e-06
5160.0	4.941109631507913e-06
5160.63720703125	4.945497116006317e-06
5170.0	4.978720069770859e-06
5170.64013671875	4.980989518125554e-06
5180.0	5.002781049287045e-06
5180.642578125	5.004276253737768e-06
5190.0	5.040006774313989e-06
5190.6455078125	5.042471486051036e-06
5200.0	5.1034772455096655e-06
5200.64794921875	5.107701879641889e-06
5210.0	5.14689405166803e-06
5210.65087890625	5.149620018255756e-06
5220.0	5.251847684938538e-06
5220.6533203125	5.258988638225378e-06
5230.0	5.331572177860867e-06
5230.65576171875	5.336683068051851e-06
5240.0	5.4334822593403944e-06
5240.65869140625	5.4403045045926635e-06
5250.0	5.490620239229329e-06
5250.66162109375	5.494183342980472e-06
5260.0	5.608642461116609e-06
5260.6640625	5.616780826904073e-06
5270.0	5.700926265528024e-06
5270.66650390625	5.7069318035045926e-06
5280.0	5.783935587813257e-06
5280.66943359375	5.789456373318258e-06
5290.0	5.910082366796786e-06
5290.671875	5.918766134180652e-06
5300.0	5.984814946629397e-06
5300.6748046875	5.989590820878125e-06
5310.0	6.1451933174411105e-06
5310.67724609375	6.156490515569303e-06
5320.0	6.213908326922373e-06
5320.68017578125	6.2180972943131984e-06
5330.0	6.32754059908676e-06
5330.6826171875	6.335553686779306e-06
5340.0	6.411194397234678e-06
5340.68505859375	6.4167540625740475e-06
5350.0	6.485991021550669e-06
5350.68798828125	6.49110028720616e-06
5360.0	6.584662474944859e-06
5360.69091796875	6.591600128247225e-06
5370.0	6.682141747623538e-06
5370.693359375	6.688882600355455e-06
5380.0	6.710769194851181e-06
5380.69580078125	6.712405891641475e-06
5390.0	6.699768176534154e-06
5390.69873046875	6.698819289505523e-06
5400.0	6.741405535345977e-06
5400.701171875	6.744612931135347e-06
5410.0	6.7090453171968695e-06
5410.7041015625	6.706350531132961e-06
5420.0	6.707729521895487e-06
5420.70654296875	6.707832084983982e-06
5430.0	6.623683241681736e-06
5430.70947265625	6.6172550250144885e-06
5440.0	6.627021533477697e-06
5440.7119140625	6.627768231588043e-06
5450.0	6.531299450350659e-06
5450.71484375	6.523873795021794e-06
5460.0	6.394463926168611e-06
5460.71728515625	6.384466491872611e-06
5470.0	6.340296997429938e-06
5470.72021484375	6.336868043958157e-06
5480.0	6.257490495375361e-06
5480.72265625	6.251309239464114e-06
5490.0	6.096591429816438e-06
5490.7255859375	6.0844919569157984e-06
5500.0	5.98016224074493e-06
5500.72802734375	5.971994489509104e-06
5510.0	5.8696203872076425e-06
5510.73046875	5.8615548636982205e-06
5520.0	5.695435884321454e-06
5520.7333984375	5.682294386320108e-06
5530.0	5.612371194530187e-06
5530.736328125	5.606813726958675e-06
5540.0	5.493141891793642e-06
5540.73876953125	5.484075677020759e-06
5550.0	5.366148121748594e-06
5550.7412109375	5.356710394754133e-06
5560.0	5.2307868327092466e-06
5560.744140625	5.22066687139623e-06
5570.0	5.107212424269012e-06
5570.74658203125	5.097740228128418e-06
5580.0	4.99013822206545e-06
5580.74951171875	4.981746927239546e-06
5590.0	4.88010072949926e-06
5590.751953125	4.871840265837355e-06
5600.0	4.821523859387015e-06
5600.7548828125	4.817416053008801e-06
5610.0	4.666332853647416e-06
5610.75732421875	4.6539589333368945e-06
5620.0	4.527900469545883e-06
5620.76025390625	4.517531619782657e-06
5630.0	4.502312614920933e-06
5630.7626953125	4.500964944957078e-06
5640.0	4.446113346290387e-06
5640.765625	4.441569980773697e-06
5650.0	4.357007322255273e-06
5650.76806640625	4.349977610110351e-06
5660.0	4.2542343468771904e-06
5660.77099609375	4.246241718646302e-06
5670.0	4.174903583533495e-06
5670.7734375	4.168926248449033e-06
5680.0	4.11847226513936e-06
5680.77587890625	4.114230323110548e-06
5690.0	4.052036585497612e-06
5690.77880859375	4.04678779947711e-06
5700.0	3.9829324234225915e-06
5700.78173828125	3.977522958197446e-06
5710.0	3.958801313036382e-06
5710.7841796875	3.957209527417902e-06
5720.0	3.879419752129338e-06
5720.78662109375	3.872524671001212e-06
5730.0	3.8748052224555185e-06
5730.78955078125	3.8752583278090225e-06
5740.0	3.840378438699745e-06
5740.7919921875	3.837381283548184e-06
5750.0	3.7968334619940537e-06
5750.794921875	3.7933348714946775e-06
5760.0	3.781811669602391e-06
5760.79736328125	3.780814516031332e-06
5770.0	3.7582189756986232e-06
5770.80029296875	3.756254527644574e-06
5780.0	3.6920184380068175e-06
5780.802734375	3.6864160683422435e-06
5790.0	3.705298811926938e-06
5790.8056640625	3.706951444996338e-06
5800.0	3.674298367734238e-06
5800.80810546875	3.671430940811471e-06
5810.0	3.713662274828777e-06
5810.81103515625	3.7173863268212056e-06
5820.0	3.6210249946912606e-06
5820.8134765625	3.612250100646559e-06
5830.0	3.6470289041441e-06
5830.81640625	3.6504131789580544e-06
5840.0	3.662872296067186e-06
5840.81884765625	3.6639822397674877e-06
5850.0	3.6269375147195616e-06
5850.82177734375	3.6236245019846163e-06
5860.0	3.6232160161970317e-06
5860.82421875	3.6231797638117996e-06
5870.0	3.6329700679469233e-06
5870.8271484375	3.6338527020760583e-06
5880.0	3.6434819882095664e-06
5880.82958984375	3.6443525039504434e-06
5890.0	3.657744549012153e-06
5890.83251953125	3.658959772426778e-06
5900.0	3.6626227058594424e-06
5900.8349609375	3.662697220378456e-06
5910.0	3.6724492866662774e-06
5910.837890625	3.6736021221240197e-06
5920.0	3.7255610936756576e-06
5920.84033203125	3.7303257519843633e-06
5930.0	3.72834276836198e-06
5930.84326171875	3.7281607216084063e-06
5940.0	3.7344907938639706e-06
5940.845703125	3.7350762051313545e-06
5950.0	3.786026323353296e-06
5950.8486328125	3.790748147568881e-06
5960.0	3.7815657010447034e-06
5960.85107421875	3.7807130912394476e-06
5970.0	3.868952453608416e-06
5970.85400390625	3.876905371587879e-06
5980.0	3.912087399836846e-06
5980.8564453125	3.915662897402251e-06
5990.0	3.922895762490754e-06
5990.85888671875	3.923575954500188e-06
6000.0	3.987320918438305e-06
6000.86181640625	3.993594909723983e-06
6010.0	4.042928739086928e-06
6010.8642578125	4.047598472264202e-06
6020.0	4.100373133562684e-06
6020.8671875	4.10538564644392e-06
6030.0	4.183264461568898e-06
6030.8701171875	4.190336506717755e-06
6040.0	4.158196728549323e-06
6040.87255859375	4.155435369963908e-06
6050.0	4.24924091112548e-06
6050.875	4.258236651146275e-06
6060.0	4.320675251634889e-06
6060.8779296875	4.3266847970855124e-06
6070.0	4.381068333607458e-06
6070.88037109375	4.386320110185036e-06
6080.0	4.435066455780654e-06
6080.88330078125	4.439789194377665e-06
6090.0	4.511833224910833e-06
6090.8857421875	4.5184949163764975e-06
6100.0	4.556782621811773e-06
6100.888671875	4.560857728872338e-06
6110.0	4.6494524071976915e-06
6110.89111328125	4.6581203021550025e-06
6120.0	4.644801041240095e-06
6120.89404296875	4.643494537221395e-06
6130.0	4.737994026382512e-06
6130.896484375	4.74729945835742e-06
6140.0	4.755946435666183e-06
6140.8994140625	4.756801572579783e-06
6150.0	4.796113792203385e-06
6150.90185546875	4.799641511366918e-06
6160.0	4.856722266176302e-06
6160.90478515625	4.862769317606329e-06
6170.0	4.914358408188173e-06
6170.9072265625	4.919506374430632e-06
6180.0	4.99835719666333e-06
6180.91015625	5.006251350226227e-06
6190.0	5.013584442235224e-06
6190.91259765625	5.014319264288228e-06
6200.0	5.054911253191628e-06
6200.91552734375	5.058606561611342e-06
6210.0	5.074124805054133e-06
6210.91796875	5.076088845051915e-06
6220.0	5.068304692076736e-06
6220.9208984375	5.0675150533122405e-06
6230.0	5.101976620102458e-06
6230.92333984375	5.10551349585399e-06
6240.0	5.09993429046683e-06
6240.92626953125	5.098959655706661e-06
6250.0	5.071380909208858e-06
6250.9287109375	5.0689586693959955e-06
6260.0	5.078885177455633e-06
6260.931640625	5.07990180787017e-06
6270.0	5.039151694647354e-06
6270.93408203125	5.034951970709099e-06
6280.0	5.04272843247182e-06
6280.93701171875	5.0435315174378685e-06
6290.0	5.016721052014291e-06
6290.939453125	5.013537456129396e-06
6300.0	5.013983094723708e-06
6300.9423828125	5.0144310967041494e-06
6310.0	4.981107440502167e-06
6310.94482421875	4.977627113239884e-06
6320.0	4.912110727767846e-06
6320.94775390625	4.905249685355497e-06
6330.0	4.880872190006765e-06
6330.9501953125	4.877915074340135e-06
6340.0	4.820138594682267e-06
6340.953125	4.814447283190304e-06
6350.0	4.731792858396479e-06
6350.95556640625	4.723056958404106e-06
6360.0	4.71243861945405e-06
6360.95849609375	4.711309949140906e-06
6370.0	4.674274127709293e-06
6370.9609375	4.669950255011154e-06
6380.0	4.643812565224212e-06
6380.9638671875	4.641406438050531e-06
6390.0	4.5649736335885675e-06
6390.96630859375	4.556794893660765e-06
6400.0	4.5458239963521226e-06
6400.96923828125	4.544644373605366e-06
6410.0	4.4218714165931065e-06
6410.9716796875	4.40828792223724e-06
6420.0	4.410858106239939e-06
6420.974609375	4.4115004401826905e-06
6430.0	4.379786516955883e-06
6430.97705078125	4.3762740433823565e-06
6440.0	4.263305592693896e-06
6440.97998046875	4.2510325083772365e-06
6450.0	4.2426291083782036e-06
6450.982421875	4.241353610442654e-06
6460.0	4.15892501462578e-06
6460.9853515625	4.150271432262129e-06
6470.0	4.117168850619219e-06
6470.98779296875	4.113537444499285e-06
6480.0	4.060420210818245e-06
6480.99072265625	4.05457619843764e-06
6490.0	4.024704453589738e-06
6490.9931640625	4.021065885358994e-06
6500.0	3.966154740527894e-06
6500.99609375	3.959784041600609e-06
6510.0	3.956238614807844e-06
6510.99853515625	3.955840372700793e-06
6520.0	3.901310163737073e-06
6521.00146484375	3.8949136308191066e-06
6530.0	3.860061517971916e-06
6531.00390625	3.8565113710217485e-06
6540.0	3.7706821200500708e-06
6541.0068359375	3.761088920930933e-06
6550.0	3.7250701066836347e-06
6551.00927734375	3.7210320434979693e-06
6560.0	3.6750519701756524e-06
6561.01220703125	3.6695615021739648e-06
6570.0	3.627985054317767e-06
6571.0146484375	3.623614123034852e-06
6580.0	3.5978286708981566e-06
6581.017578125	3.594909263315309e-06
6590.0	3.565919334804423e-06
6591.02001953125	3.562317057614523e-06
6600.0	3.5461569393906395e-06
6601.02294921875	3.5446276427513017e-06
6610.0	3.507882582433059e-06
6611.025390625	3.5036902073457548e-06
6620.0	3.462731549457241e-06
6621.0283203125	3.4580452441267593e-06
6630.0	3.441379907268713e-06
6631.03076171875	3.439023890282285e-06
6640.0	3.408159254812699e-06
6641.03369140625	3.4049109364372927e-06
6650.0	3.3783892474457517e-06
6651.0361328125	3.375327201954782e-06
6660.0	3.3485097009298133e-06
6661.0390625	3.3451048069840463e-06
6670.0	3.3475651361219885e-06
6671.04150390625	3.3481470139417515e-06
6680.0	3.2969811326012313e-06
6681.04443359375	3.2910266396889987e-06
6690.0	3.2528643779640964e-06
6691.046875	3.248118467504027e-06
6700.0	3.264033139876077e-06
6701.0498046875	3.26618621891428e-06
6710.0	3.2318431612958172e-06
6711.052734375	3.227810851591026e-06
6720.0	3.225491005724686e-06
6721.05517578125	3.2249220757970486e-06
6730.0	3.2207425383605877e-06
6731.05810546875	3.2205400481763835e-06
6740.0	3.2290145555925723e-06
6741.060546875	3.230015432057363e-06
6750.0	3.199637382461618e-06
6751.06298828125	3.1957377113709533e-06
6760.0	3.159656121267291e-06
6761.06591796875	3.1556538398538635e-06
6770.0	3.1869584783970205e-06
6771.068359375	3.1906917067790903e-06
6780.0	3.1652110703831536e-06
6781.0712890625	3.161866828576236e-06
6790.0	3.1672288119211915e-06
6791.07421875	3.168163148719302e-06
6800.0	3.1368819801976033e-06
6801.07666015625	3.133116508824365e-06
6810.0	3.135970295393643e-06
6811.07958984375	3.136021152859369e-06
6820.0	3.174057412722739e-06
6821.08203125	3.1789526206688177e-06
6830.0	3.144289845533246e-06
6831.0849609375	3.1401598308324413e-06
6840.0	3.1542008219603407e-06
6841.08740234375	3.155612353675116e-06
6850.0	3.16732756293735e-06
6851.09033203125	3.169054162090441e-06
6860.0	3.1246001879870425e-06
6861.0927734375	3.1188615852700153e-06
6870.0	3.1322965438551085e-06
6871.095703125	3.134239862514e-06
6880.0	3.148580279897598e-06
6881.09814453125	3.150343356079748e-06
6890.0	3.1170494283347645e-06
6891.10107421875	3.1126421063761374e-06
6900.0	3.16933655152903e-06
6901.103515625	3.1766504033972163e-06
6910.0	3.1655357674625925e-06
6911.1064453125	3.1641569462503745e-06
6920.0	3.2011185007379808e-06
6921.10888671875	3.205410445373739e-06
6930.0	3.175145505999041e-06
6931.11181640625	3.171675496478904e-06
6940.0	3.22353529403298e-06
6941.1142578125	3.2297093363977922e-06
6950.0	3.2174438548113216e-06
6951.1171875	3.2162164470894597e-06
6960.0	3.2041153301545334e-06
6961.11962890625	3.2025939525464342e-06
6970.0	3.252216583503885e-06
6971.12255859375	3.258160520190393e-06
6980.0	3.2592161658731996e-06
6981.125	3.259667233059808e-06
6990.0	3.28435789191544e-06
6991.1279296875	3.2874887331582113e-06
7000.0	3.2916454386586107e-06
7001.13037109375	3.2914498276419383e-06
7010.0	3.3133446933140742e-06
7011.13330078125	3.3164551453780026e-06
7020.0	3.349400834159482e-06
7021.1357421875	3.353276968691172e-06
7030.0	3.36087920309857e-06
7031.138671875	3.362047387913479e-06
7040.0	3.3626098559797385e-06
7041.14111328125	3.36268014133751e-06
7050.0	3.3373782974127947e-06
7051.14404296875	3.3337865613659144e-06
7060.0	3.3726352302201974e-06
7061.146484375	3.3779767133396774e-06
7070.0	3.384473240365156e-06
7071.1494140625	3.384972616356638e-06
7080.0	3.382436588722342e-06
7081.15234375	3.3824439300837164e-06
7090.0	3.3711477134094705e-06
7091.15478515625	3.3693374875528523e-06
7100.0	3.420736966175301e-06
7101.15771484375	3.4277787521171697e-06
7110.0	3.430533698410517e-06
7111.16015625	3.4308919563858918e-06
7120.0	3.4494321883367462e-06
7121.16259765625	3.4515084585789605e-06
7130.0	3.4738078999923373e-06
7131.16552734375	3.4770869060867208e-06
7140.0	3.4889154713469037e-06
7141.16796875	3.4901155095206674e-06
7150.0	3.5118593534087125e-06
7151.1708984375	3.5150868153594365e-06
7160.0	3.5312180087834803e-06
7161.173828125	3.532990944062959e-06
7170.0	3.5235698380971726e-06
7171.17626953125	3.5226775655514214e-06
7180.0	3.5603315910444662e-06
7181.17919921875	3.565343551681202e-06
7190.0	3.553346347590418e-06
7191.181640625	3.5513744529002716e-06
7200.0	3.519778429621218e-06
7201.1845703125	3.515914317427061e-06
7210.0	3.5588924720580228e-06
7211.18701171875	3.564286658653105e-06
7220.0	3.5954696723049545e-06
7221.18994140625	3.6000338817384834e-06
7230.0	3.6235028132665287e-06
7231.1923828125	3.62611492759667e-06
7240.0	3.5981782597438344e-06
7241.1953125	3.594777262871778e-06
7250.0	3.615167950915949e-06
7251.19775390625	3.617547795102557e-06
7260.0	3.599372302095083e-06
7261.20068359375	3.5972796033162716e-06
7270.0	3.5902228529665762e-06
7271.203125	3.589259456519556e-06
7280.0	3.5951163028293204e-06
7281.2060546875	3.595530010253995e-06
7290.0	3.5610649787469135e-06
7291.20849609375	3.5567236882551442e-06
7300.0	3.5845521921982673e-06
7301.21142578125	3.587986752732019e-06
7310.0	3.559174122883413e-06
7311.2138671875	3.5555899701818492e-06
7320.0	3.558651224553205e-06
7321.216796875	3.5586893113728713e-06
7330.0	3.579090205005319e-06
7331.21923828125	3.58228877661165e-06
7340.0	3.5806825617018706e-06
7341.22216796875	3.580071256175146e-06
7350.0	3.5327543195747985e-06
7351.224609375	3.5265589813472462e-06
7360.0	3.545083317802547e-06
7361.2275390625	3.5472775580500067e-06
7370.0	3.562386203763613e-06
7371.22998046875	3.5648758601870546e-06
7380.0	3.5019145148915096e-06
7381.23291015625	3.4927151155465797e-06
7390.0	3.4644005679678815e-06
7391.23583984375	3.4608012862990007e-06
7400.0	3.4749910181894025e-06
7401.23828125	3.476605419683553e-06
7410.0	3.439581965653689e-06
7411.2412109375	3.4347342381247606e-06
7420.0	3.435241635663152e-06
7421.24365234375	3.434932603010262e-06
7430.0	3.453774331149575e-06
7431.24658203125	3.4570445865206646e-06
7440.0	3.3938296302913774e-06
7441.2490234375	3.3844635572274743e-06
7450.0	3.3635986498928243e-06
7451.251953125	3.3609946212798626e-06
7460.0	3.359293290943795e-06
7461.25439453125	3.358672743037794e-06
7470.0	3.3364722400019755e-06
7471.25732421875	3.333659900986553e-06
7480.0	3.3440455566941212e-06
7481.259765625	3.3451639453618196e-06
7490.0	3.348923845081882e-06
7491.2626953125	3.3498431831403632e-06
7500.0	3.315713158955061e-06
7501.26513671875	3.3102749070890456e-06
7510.0	3.261502172521219e-06
7511.26806640625	3.2548214328827633e-06
7520.0	3.2565694130324848e-06
7521.2705078125	3.256456453295501e-06
7530.0	3.240146843023062e-06
7531.2734375	3.2381410635659005e-06
7540.0	3.2074355724418033e-06
7541.27587890625	3.2025965991837093e-06
7550.0	3.1700408497124724e-06
7551.27880859375	3.165644892130981e-06
7560.0	3.1751963731211685e-06
7561.28173828125	3.1762277347768683e-06
7570.0	3.2105367713133083e-06
7571.2841796875	3.215929560761898e-06
7580.0	3.1527872459269547e-06
7581.287109375	3.1431327100050567e-06
7590.0	3.127626012755433e-06
7591.28955078125	3.125694865949128e-06
7600.0	3.073465095119455e-06
7601.29248046875	3.0653865641100443e-06
7610.0	3.0854252571761305e-06
7611.294921875	3.088385507319367e-06
7620.0	3.039827271461821e-06
7621.2978515625	3.0329667749593385e-06
7630.0	3.0399583851551077e-06
7631.30029296875	3.040201379421401e-06
7640.0	2.9785345728197733e-06
7641.30322265625	2.969686983818963e-06
7650.0	3.030453040100761e-06
7651.3056640625	3.0391709934441834e-06
7660.0	3.0409284244852696e-06
7661.30859375	3.041538814560007e-06
7670.0	2.9652203414372274e-06
7671.31103515625	2.953411814288915e-06
7680.0	2.9466833017811884e-06
7681.31396484375	2.94600986003216e-06
7690.0	2.929522722173889e-06
7691.31640625	2.9266850119602866e-06
7700.0	2.8625911372207023e-06
7701.3193359375	2.8529013485405638e-06
7710.0	2.856952132324081e-06
7711.32177734375	2.8578958653139175e-06
7720.0	2.8432085520005114e-06
7721.32470703125	2.840633782657353e-06
7730.0	2.7997115219419983e-06
7731.3271484375	2.793812436128086e-06
7740.0	2.810769042169002e-06
7741.330078125	2.8130144313245046e-06
7750.0	2.777834524358248e-06
7751.33251953125	2.7727829943591457e-06
7760.0	2.7700441891035932e-06
7761.33544921875	2.7692856296322713e-06
7770.0	2.7417791313932765e-06
7771.337890625	2.737548613692844e-06
7780.0	2.7457349836257204e-06
7781.3408203125	2.7473179994437615e-06
7790.0	2.749113168310553e-06
7791.34326171875	2.7490514868535297e-06
7800.0	2.693337164976915e-06
7801.34619140625	2.6850417431778956e-06
7810.0	2.720911543730143e-06
7811.34912109375	2.7261371650306716e-06
7820.0	2.6909705324310203e-06
7821.3515625	2.685828497086369e-06
7830.0	2.7290944435388583e-06
7831.3544921875	2.7358468820503283e-06
7840.0	2.6918360553049723e-06
7841.35693359375	2.684956662521543e-06
7850.0	2.67802427023647e-06
7851.35986328125	2.6772616295852017e-06
7860.0	2.6719910158640004e-06
7861.3623046875	2.6708299462171707e-06
7870.0	2.6711704793418334e-06
7871.365234375	2.6715474302753116e-06
7880.0	2.662228731080084e-06
7881.36767578125	2.660425090468136e-06
7890.0	2.6089785717449653e-06
7891.37060546875	2.60084501265894e-06
7900.0	2.6394764417072927e-06
7901.373046875	2.645914744346718e-06
7910.0	2.616894575171145e-06
7911.3759765625	2.611954946809969e-06
7920.0	2.633927381047051e-06
7921.37841796875	2.637744583811381e-06
7930.0	2.6301897715230887e-06
7931.38134765625	2.628650912100311e-06
7940.0	2.6036070059295435e-06
7941.3837890625	2.599602395275566e-06
7950.0	2.6039788333510144e-06
7951.38671875	2.6050029692304384e-06
7960.0	2.5751862939421637e-06
7961.38916015625	2.5700685520086995e-06
7970.0	2.6257206939055347e-06
7971.39208984375	2.6346699095215834e-06
7980.0	2.62530704142817e-06
7981.39501953125	2.6241541637084237e-06
7990.0	2.6674193222554233e-06
7991.3974609375	2.6741339749412626e-06
8000.0	2.6345118681146283e-06
8001.400390625	2.628086319206001e-06
8010.0	2.6364654108461827e-06
8011.40283203125	2.637527253199142e-06
8020.0	2.614537121779602e-06
8021.40576171875	2.610814076261098e-06
8030.0	2.612536448618454e-06
8031.408203125	2.6131943650435604e-06
8040.0	2.609779756319452e-06
8041.4111328125	2.6088837455278353e-06
8050.0	2.6500945672689932e-06
8051.41357421875	2.6568313640809717e-06
8060.0	2.603389273075769e-06
8061.41650390625	2.5949485950271945e-06
8070.0	2.6097808060860882e-06
8071.41943359375	2.611876326736415e-06
8080.0	2.696153645278465e-06
8081.421875	2.7100318537556967e-06
8090.0	2.636061045089577e-06
8091.4248046875	2.6241757004471323e-06
8100.0	2.6337581704635076e-06
8101.42724609375	2.6349938865640763e-06
8110.0	2.6411892776121907e-06
8111.43017578125	2.642206534787309e-06
8120.0	2.6605105786726672e-06
8121.4326171875	2.663893799537093e-06
8130.0	2.6654249959888395e-06
8131.435546875	2.6653210822086168e-06
8140.0	2.6473233594487637e-06
8141.43798828125	2.6443079792538385e-06
8150.0	2.672378535459827e-06
8151.44091796875	2.6774203301833143e-06
8160.0	2.6995207078429663e-06
8161.443359375	2.7028623843169313e-06
8170.0	2.6906886087085567e-06
8171.4462890625	2.6886315426174907e-06
8180.0	2.7107772509413003e-06
8181.44873046875	2.7148583020638385e-06
8190.0	2.7078408873787837e-06
8191.45166015625	2.706284846424869e-06
8200.0	2.7257203491747023e-06
8201.4541015625	2.7290514779820867e-06
8210.0	2.7423264852440643e-06
8211.45703125	2.7449355377144497e-06
8220.0	2.7813447425474055e-06
8221.4599609375	2.7871524270235116e-06
8230.0	2.760542137400146e-06
8231.4619140625	2.756238249536482e-06
8240.0	2.7541761739349292e-06
8241.46484375	2.7541876166181284e-06
8250.0	2.795502401256246e-06
8251.4677734375	2.802188036386902e-06
8260.0	2.7677971069011946e-06
8261.470703125	2.7618892250142598e-06
8270.0	2.816011377613697e-06
8271.4736328125	2.825688504563946e-06
8280.0	2.8430413014416188e-06
8281.4755859375	2.845633579383956e-06
8290.0	2.8341437018801843e-06
8291.478515625	2.832149753082258e-06
8300.0	2.858541799096139e-06
8301.4814453125	2.8630950617680094e-06
8310.0	2.872998044512433e-06
8311.484375	2.8750992591169454e-06
8320.0	2.875854544666651e-06
8321.486328125	2.8755787866670604e-06
8330.0	2.870128308852426e-06
8331.4892578125	2.8691691734647956e-06
8340.0	2.9150687605830704e-06
8341.4921875	2.923465726575774e-06
8350.0	2.953892134037009e-06
8351.4951171875	2.958794020787133e-06
8360.0	2.9905708846752166e-06
8361.4970703125	2.9961211854937585e-06
8370.0	2.999531449549229e-06
8371.5	3.0001164106526684e-06
8380.0	2.969627049075123e-06
8381.5029296875	2.964669556826335e-06
8390.0	3.038284629220501e-06
8391.505859375	3.050830929234876e-06
8400.0	3.0135624300816173e-06
8401.5078125	3.007295546564237e-06
8410.0	3.0166981704922415e-06
8411.5107421875	3.018776623711365e-06
8420.0	3.0630243280103472e-06
8421.513671875	3.0704389862382814e-06
8430.0	3.0831723695095483e-06
8431.5166015625	3.085856748199984e-06
8440.0	3.118446448544104e-06
8441.51953125	3.12424965845162e-06
8450.0	3.1982113517408526e-06
8451.521484375	3.2118745105877665e-06
8460.0	3.192315784254594e-06
8461.5244140625	3.1883456083443328e-06
8470.0	3.2230232412548983e-06
8471.52734375	3.229236785882093e-06
8480.0	3.1652936742558172e-06
8481.5302734375	3.153787782246291e-06
8490.0	3.2400207372459136e-06
8491.5322265625	3.2560257608671048e-06
8500.0	1.5075204030605071e-06
8501.53515625	1.1911568512853211e-06
8510.0	1.250234016180953e-06
8511.5380859375	1.2609076275896915e-06
8520.0	2.104063161200435e-06
8521.541015625	2.2567640850538626e-06
8530.0	2.1197881669919248e-06
8531.5439453125	2.09521806391883e-06
8540.0	9.511063011544571e-07
8541.5458984375	7.427948383715383e-07
8550.0	1.3742229254886365e-06
8551.548828125	1.4892493223232441e-06
8560.0	2.303228343445216e-06
8561.5517578125	2.451830331975148e-06
8570.0	1.1603425162789171e-06
8571.5546875	9.24155141479719e-07
8580.0	1.2732113479608677e-06
8581.556640625	1.337037768429895e-06
8590.0	1.5919172601370716e-06
8591.5595703125	1.6387133731235457e-06
8600.0	1.5225763616535477e-06
8601.5625	1.5011925652586025e-06
8610.0	6.889048949607471e-07
8611.5654296875	5.391599320031907e-07
8620.0	3.0632707426381588e-06
8621.5673828125	3.529443029483141e-06
8630.0	1.4912097050757514e-06
8631.5703125	1.1142633267473366e-06
8640.0	1.7259486092991315e-06
8641.5732421875	1.8396391482498096e-06
8650.0	1.286466828415706e-06
8651.576171875	1.1834136315508246e-06
8660.0	2.664459153634481e-06
8661.578125	2.9411977943956603e-06
8670.0	2.164947906446837e-06
8671.5810546875	2.019378442157876e-06
8680.0	4.285879889042532e-06
8681.583984375	4.7104719018585616e-06
8690.0	2.622673593414483e-06
8691.5869140625	2.230681623537303e-06
8700.0	1.8310725196021755e-06
8701.58984375	1.7558753364113703e-06
8710.0	1.810422433390242e-06
8711.591796875	1.8209663423948343e-06
8720.0	3.9294649956040925e-06
8721.5947265625	4.3272703240956796e-06
8730.0	3.0210822994577036e-06
8731.59765625	2.7739158238571513e-06
8740.0	2.6034398032145954e-06
8741.6005859375	2.5710975888467924e-06
8750.0	2.685709401102041e-06
8751.6025390625	2.7074550950361566e-06
8760.0	2.538625550325873e-06
8761.60546875	2.506868288117348e-06
8770.0	2.0070850493789986e-06
8771.6083984375	1.911388763770266e-06
8780.0	3.064971974893361e-06
8781.611328125	3.285374724446049e-06
8790.0	4.478497053174848e-06
8791.6142578125	4.7069222616711685e-06
8800.0	2.722889554736316e-06
8801.6162109375	2.341906329851914e-06
8810.0	2.5995502868741714e-06
8811.619140625	2.6493795938655325e-06
8820.0	2.3542273788833163e-06
8821.6220703125	2.297039353304844e-06
8830.0	2.434933309021748e-06
8831.625	2.4621374694475493e-06
8840.0	2.145066882125128e-06
8841.626953125	2.08376029664707e-06
8850.0	3.3833249866575725e-06
8851.6298828125	3.6349910179145735e-06
8860.0	3.4392668533304587e-06
8861.6328125	3.4012519074900573e-06
8870.0	3.1338227049595568e-06
8871.6357421875	3.0822730905197434e-06
8880.0	3.1874554176452235e-06
8881.638671875	3.207439669986312e-06
8890.0	2.840986914363109e-06
8891.640625	2.769442707799965e-06
8900.0	2.851613477092544e-06
8901.6435546875	2.867654828141966e-06
8910.0	2.3449740287306047e-06
8911.646484375	2.2425363308483043e-06
8920.0	3.187790270303922e-06
8921.6494140625	3.3733533920722423e-06
8930.0	3.339327260458198e-06
8931.6513671875	3.332603494897491e-06
8940.0	2.624584808029214e-06
8941.654296875	2.4854743870104097e-06
8950.0	2.8582255900060744e-06
8951.6572265625	2.931381339788763e-06
8960.0	2.973876652181972e-06
8961.66015625	2.982253240545316e-06
8970.0	3.1194422643899474e-06
8971.662109375	3.146589085247923e-06
8980.0	3.393054352016966e-06
8981.6650390625	3.441938841128213e-06
8990.0	3.2636096487578758e-06
8991.66796875	3.228110451598417e-06
9000.0	3.135503305243068e-06
9001.6708984375	3.1163600748984865e-06
9010.0	2.6893455676164473e-06
9011.6728515625	2.604638878181273e-06
9020.0	2.7281906630072397e-06
9021.67578125	2.752409905710769e-06
9030.0	3.4108470652864746e-06
9031.6787109375	3.542929597686081e-06
9040.0	3.282079544710831e-06
9041.681640625	3.2297150978623644e-06
9050.0	2.868780163581267e-06
9051.6845703125	2.796192955865332e-06
9060.0	2.675986021267718e-06
9061.6865234375	2.651758156589832e-06
9070.0	2.9784306874293896e-06
9071.689453125	3.0442828257646222e-06
9080.0	2.4852727115077598e-06
9081.6923828125	2.372668041246946e-06
9090.0	2.6165878050392835e-06
9091.6953125	2.665555308107783e-06
9100.0	2.8506814357205224e-06
9101.697265625	2.8881835475144445e-06
9110.0	2.732345426624808e-06
9111.7001953125	2.700651991494555e-06
9120.0	2.889098501949885e-06
9121.703125	2.9274177990578557e-06
9130.0	2.293662507395674e-06
9131.7060546875	2.164373951419638e-06
9140.0	2.7775440314697232e-06
9141.708984375	2.9028079234562132e-06
9150.0	2.6623138835468703e-06
9151.7109375	2.613060209317151e-06
9160.0	2.622312415190546e-06
9161.7138671875	2.624168942710014e-06
9170.0	2.3234545228087905e-06
9171.716796875	2.261648005140999e-06
9180.0	2.7210904131350657e-06
9181.7197265625	2.8160832784776454e-06
9190.0	2.511430895399084e-06
9191.7216796875	2.4481260800501575e-06
9200.0	2.2758244415059454e-06
9201.724609375	2.2399614024727398e-06
9210.0	2.4360642562798667e-06
9211.7275390625	2.4765571876228783e-06
9220.0	2.567755025595241e-06
9221.73046875	2.5865936939535836e-06
9230.0	2.3346513800817235e-06
9231.732421875	2.2825226047153257e-06
9240.0	2.3877660076881544e-06
9241.7353515625	2.4095933105970416e-06
9250.0	2.1934754747524825e-06
9251.73828125	2.148422452672251e-06
9260.0	2.2923432777466843e-06
9261.7412109375	2.322321732791375e-06
9270.0	2.4825628605045065e-06
9271.744140625	2.5160034593126916e-06
9280.0	2.259642394232824e-06
9281.74609375	2.2059304539126816e-06
9290.0	2.2526878592480224e-06
9291.7490234375	2.2624380516715635e-06
9300.0	2.1256786481170687e-06
9301.751953125	2.097265824411561e-06
9310.0	2.0733451491255543e-06
9311.7548828125	2.0678926122522418e-06
9320.0	1.922623594488539e-06
9321.7568359375	1.8919597925561977e-06
9330.0	1.8643967864469364e-06
9331.759765625	1.8585274551719094e-06
9340.0	1.8504261162902057e-06
9341.7626953125	1.8486601173073021e-06
9350.0	1.8500902599416294e-06
9351.765625	1.8503387426289152e-06
9360.0	1.8085630363167684e-06
9361.7685546875	1.7996417673607269e-06
9370.0	1.8072353075311027e-06
9371.7705078125	1.8087912062185303e-06
9380.0	1.8224351932511474e-06
9381.7734375	1.8252801884280723e-06
9390.0	1.7921826099120854e-06
9391.7763671875	1.7850644171955675e-06
9400.0	1.7209782011802979e-06
9401.779296875	1.7069089591670346e-06
9410.0	1.5767914235155407e-06
9411.78125	1.5489289832414433e-06
9420.0	1.4650194065803847e-06
9421.7841796875	1.4470031946754537e-06
9430.0	1.5908128686257496e-06
9431.787109375	1.6217678751228726e-06
9440.0	1.4968571239801046e-06
9441.7900390625	1.469951951302061e-06
9450.0	1.6004266724204078e-06
9451.79296875	1.628444152388571e-06
9460.0	1.4769908235239511e-06
9461.794921875	1.4442834279139816e-06
9470.0	1.3888061049795655e-06
9471.7978515625	1.3767663339714024e-06
9480.0	1.3993141386177127e-06
9481.80078125	1.404121306499144e-06
9490.0	1.3538733720640281e-06
9491.8037109375	1.342922205118623e-06
9500.0	1.3774255437142833e-06
9501.8056640625	1.3863980476501749e-06
9510.0	1.4426465587241946e-06
9511.80859375	1.4549065453494963e-06
9520.0	1.3061021705189111e-06
9521.8115234375	1.2734926209928652e-06
9530.0	1.2167280589314598e-06
9531.814453125	1.2042480240557206e-06
9540.0	1.1383575263770818e-06
9541.81640625	1.123858454439178e-06
9550.0	1.2744804065022697e-06
9551.8193359375	1.3075839549080394e-06
9560.0	1.2192904818125913e-06
9561.822265625	1.1997997427533575e-06
9570.0	1.1907624503845263e-06
9571.8251953125	1.1887349151859647e-06
9580.0	1.1768278846570026e-06
9581.828125	1.174161832734996e-06
9590.0	1.104701567491601e-06
9591.830078125	1.0892872167202832e-06
9600.0	1.1434094026193909e-06
9601.8330078125	1.1555224673729836e-06
9610.0	1.1078635615162277e-06
9611.8359375	1.0968170094107667e-06
9620.0	1.0803348219902074e-06
9621.8388671875	1.0768383638210565e-06
9630.0	1.0238860483678874e-06
9631.8408203125	1.0120487674540924e-06
9640.0	1.0510337405579435e-06
9641.84375	1.059696545535357e-06
9650.0	1.0231862764071264e-06
9651.8466796875	1.0149888308601272e-06
9660.0	9.975863945058413e-07
9661.849609375	9.93652529982643e-07
9670.0	9.430365915881902e-07
9671.8525390625	9.316471270408985e-07
9680.0	9.257438461550818e-07
9681.8544921875	9.243815445475132e-07
9690.0	9.365913914125476e-07
9691.857421875	9.392997944818279e-07
9700.0	9.418338996762084e-07
9701.8603515625	9.423651654418898e-07
9710.0	8.63784708225003e-07
9711.86328125	8.460123824414977e-07
9720.0	8.266534914103115e-07
9721.865234375	8.222419539518787e-07
9730.0	8.144770676108322e-07
9731.8681640625	8.126819898021967e-07
9740.0	8.261201867881271e-07
9741.87109375	8.291259199331082e-07
9750.0	8.212644206107865e-07
9751.8740234375	8.194382973378618e-07
9760.0	7.65839774246355e-07
9761.8759765625	7.536174720837128e-07
9770.0	8.07452429141709e-07
9771.87890625	8.196631781397179e-07
9780.0	7.446204913350055e-07
9781.8818359375	7.274692338861931e-07
9790.0	7.200224337591896e-07
9791.884765625	7.182798890484745e-07
9800.0	7.567961360079589e-07
9801.8876953125	7.65475972401543e-07
9810.0	6.848664783198747e-07
9811.8896484375	6.663765351857606e-07
9820.0	6.784295984530777e-07
9821.892578125	6.811456700008203e-07
9830.0	6.962134886422634e-07
9831.8955078125	6.996746850113729e-07
9840.0	6.479693186670977e-07
9841.8984375	6.360337168174262e-07
9850.0	6.443785506086881e-07
9851.900390625	6.462506557455337e-07
9860.0	6.341014277643411e-07
9861.9033203125	6.312518120219051e-07
9870.0	6.02418857591856e-07
9871.90625	5.957144502106448e-07
9880.0	6.13327234988509e-07
9881.9091796875	6.173457496697523e-07
9890.0	5.833875375123485e-07
9891.912109375	5.754749546615066e-07
9900.0	5.397422190792084e-07
9901.9140625	5.313048618908173e-07
9910.0	5.397501429854593e-07
9911.9169921875	5.417623998738952e-07
9920.0	4.974640612159913e-07
9921.919921875	4.871233725688524e-07
9930.0	5.14507621076521e-07
9931.9228515625	5.208208572429159e-07
9940.0	5.363428519391796e-07
9941.9248046875	5.398948686394188e-07
9950.0	4.5021862292206344e-07
9951.927734375	4.2926783640743393e-07
9960.0	4.6623871731274995e-07
9961.9306640625	4.748054675258799e-07
9970.0	4.420010158459989e-07
9971.93359375	4.342796303187411e-07
9980.0	4.5006659104616015e-07
9981.9365234375	4.536948875038976e-07
9990.0	4.324285195406621e-07
9991.9384765625	4.273878956852961e-07
10000.0	4.082373095109321e-07
10001.94140625	4.040089728497414e-07
10010.0	3.8719035230670795e-07
10011.9443359375	3.8318473977202824e-07
10020.0	3.833194661600332e-07
10021.947265625	3.8330366365276456e-07
10030.0	3.7856775149106103e-07
10031.9501953125	3.7732087904896333e-07
10040.0	3.9609492693275953e-07
10041.9521484375	4.0055247086740704e-07
10050.0	3.583092605511352e-07
10051.955078125	3.4826982546742225e-07
10060.0	3.4523551994182794e-07
10061.9580078125	3.444645387028082e-07
10070.0	3.262166440757623e-07
10071.9599609375	3.218423443807086e-07
10080.0	3.404261296741059e-07
10081.962890625	3.447728154346026e-07
10090.0	3.211533383963241e-07
10091.9658203125	3.154909667846917e-07
10100.0	2.9541330135182284e-07
10101.96875	2.9058814468984523e-07
10110.0	2.795190249829573e-07
10111.970703125	2.768319238535101e-07
10120.0	2.647621587283313e-07
10121.9736328125	2.617782078046277e-07
10130.0	2.5870922386467967e-07
10131.9765625	2.5797311850383405e-07
10140.0	2.7627853253140015e-07
10141.978515625	2.8056403739904686e-07
10150.0	2.417018847144951e-07
10151.982421875	2.3238236712713343e-07
10160.0	2.1973214203481653e-07
10161.9853515625	2.166538997010905e-07
10170.0	2.1431612738180477e-07
10171.98828125	2.1369124940996017e-07
10180.0	2.0705770512930722e-07
10181.990234375	2.0540643366785635e-07
10190.0	1.9611078406046498e-07
10191.9931640625	1.938230604839755e-07
10200.0	2.030652083460797e-07
10201.99609375	2.059719704991123e-07
10210.0	1.914758829275255e-07
10211.998046875	1.8796939126725345e-07
10220.0	1.8386925604783782e-07
10222.0009765625	1.8284458179564026e-07
10230.0	1.8041262724265041e-07
10232.00390625	1.7979240515016358e-07
10240.0	1.712490586035676e-07
10242.0068359375	1.6913753098889705e-07
10250.0	1.623762590508305e-07
10252.0087890625	1.606984755169055e-07
10260.0	1.5953330520897618e-07
10262.01171875	1.5921967615299078e-07
10270.0	1.4698248318147013e-07
10272.0146484375	1.4393029628691087e-07
10280.0	1.5229191908714142e-07
10282.0166015625	1.5433673966052166e-07
10290.0	1.4722381941941143e-07
10292.01953125	1.4545099913036032e-07
10300.0	1.3953752437784288e-07
10302.0234375	1.3805608903064044e-07
10310.0	1.3345678065421352e-07
10312.0263671875	1.3229561597715176e-07
10320.0	1.2023129677237928e-07
10322.0283203125	1.1724082008634044e-07
10330.0	1.1467440014981928e-07
10332.03125	1.1401167124151352e-07
10340.0	1.1665736486410496e-07
10342.0341796875	1.1724311301947975e-07
10350.0	1.1185551246743597e-07
10352.0361328125	1.1052188522558983e-07
10360.0	1.086839927207547e-07
10362.0390625	1.0819316509940724e-07
10370.0	1.074901823824543e-07
10372.0419921875	1.072745910739503e-07
10380.0	1.0216771720603966e-07
10382.0439453125	1.0087126561967815e-07
10390.0	9.506717492521545e-08
10392.046875	9.3599569224128e-08
10400.0	8.392987910655716e-08
10402.0498046875	8.192736386966445e-08
10410.0	8.916461982270578e-08
10412.052734375	9.098775366685104e-08
10420.0	8.647846945062389e-08
10422.0546875	8.533125578361037e-08
10430.0	7.851870964266301e-08
10432.0576171875	7.679163267345107e-08
10440.0	8.135923889299158e-08
10442.060546875	8.249490269812098e-08
10450.0	7.417233980416009e-08
10452.0634765625	7.204360904668187e-08
10460.0	7.163390294626784e-08
10462.06640625	7.153263535621658e-08
10470.0	6.891102122517251e-08
10472.0693359375	6.823440522020617e-08
10480.0	6.95793331826828e-08
10482.072265625	6.990320803850317e-08
10490.0	6.326392912986898e-08
10492.07421875	6.157075403462774e-08
10500.0	6.523373734760088e-08
10502.0771484375	6.612687138302235e-08
10510.0	5.763225918334487e-08
10512.080078125	5.548273234813112e-08
10520.0	5.9114542971709967e-08
10522.08203125	6.0015190570048e-08
10530.0	5.5061361575105743e-08
10532.0849609375	5.379025306151595e-08
10540.0	5.2102957077409365e-08
10542.087890625	5.165759968276596e-08
10550.0	5.212497713045083e-08
10552.0908203125	5.221049396608866e-08
10560.0	4.767314288369391e-08
10562.0927734375	4.651795221024807e-08
10570.0	4.770473268949347e-08
10572.095703125	4.79827108796054e-08
10580.0	4.2419277507750866e-08
10582.0986328125	4.0992429972360685e-08
10590.0	4.088955093675387e-08
10592.1005859375	4.0840729623235664e-08
10600.0	4.181487424990003e-08
10602.103515625	4.231695513998305e-08
10610.0	4.1150953945338556e-08
10612.107421875	4.085257515070979e-08
10620.0	3.988674452412766e-08
10622.1103515625	3.962996589434829e-08
10630.0	3.714878120506028e-08
10632.1123046875	3.649609818345521e-08
10640.0	3.57534691952546e-08
10642.115234375	3.554583982611447e-08
10650.0	3.519980778381251e-08
10652.1181640625	3.511307818396235e-08
10660.0	3.5204275952131e-08
10662.1201171875	3.522316905172586e-08
10670.0	3.4287644418550605e-08
10672.123046875	3.403720194679372e-08
10680.0	3.1648475400416505e-08
10682.1259765625	3.101645087732264e-08
10690.0	3.16147188989037e-08
10692.12890625	3.1758668123707494e-08
10700.0	3.054044458462697e-08
10702.130859375	3.022257314721419e-08
10710.0	2.842084109308362e-08
10712.1337890625	2.7941504828055714e-08
10720.0	2.7430715677530217e-08
10722.13671875	2.729078634442464e-08
10730.0	2.7066204943496895e-08
10732.138671875	2.6994491214920424e-08
10740.0	2.589723114468241e-08
10742.1416015625	2.5608863398911467e-08
10750.0	2.6987366134833368e-08
10752.14453125	2.7344541360425066e-08
10760.0	2.5808397655963807e-08
10762.1484375	2.5396186279385358e-08
10770.0	2.3747848018972194e-08
10772.150390625	2.3300011435507178e-08
10780.0	2.3047935614793435e-08
10782.1533203125	2.2980353764196733e-08
10790.0	2.2234819078988074e-08
10792.15625	2.203074592669721e-08
10800.0	2.1399736307256045e-08
10802.158203125	2.1271647731076824e-08
10810.0	2.0805517152177135e-08
10812.1611328125	2.06713620304775e-08
10820.0	1.9696914378418037e-08
10822.1640625	1.9437398140546686e-08
10830.0	1.850945191329395e-08
10832.1669921875	1.8256960340589837e-08
10840.0	1.8791498809477782e-08
10842.1689453125	1.8924757138845473e-08
10850.0	1.7824292770155263e-08
10852.171875	1.7529853104218813e-08
10860.0	1.7915796429669888e-08
10862.1748046875	1.801391278467462e-08
10870.0	1.628193062312488e-08
10872.1767578125	1.5813294395825238e-08
10880.0	1.543629650864076e-08
10882.1796875	1.5326114808884146e-08
10890.0	1.4972411006485025e-08
10892.1826171875	1.4876170530163753e-08
10900.0	1.4706198942555054e-08
10902.185546875	1.4654865425448782e-08
10910.0	1.3830613742970444e-08
10912.1884765625	1.3604010781295583e-08
10920.0	1.2988747723277531e-08
10922.19140625	1.281453418669948e-08
10930.0	1.2688383470589348e-08
10932.1943359375	1.2651331185376133e-08
10940.0	1.1463287201336938e-08
10942.1962890625	1.1139354340315584e-08
10950.0	1.104088676851792e-08
10952.19921875	1.1004602868504677e-08
10960.0	1.0832017130839789e-08
10962.2021484375	1.078114790490724e-08
10970.0	1.0258933471449054e-08
10972.205078125	1.0111828450304567e-08
10980.0	9.265036600432209e-09
10982.20703125	9.029530253661489e-09
10990.0	9.32132997893014e-09
10992.2099609375	9.390804029196248e-09
11000.0	8.436085703446395e-09
11002.212890625	8.222396830017152e-09
11004.42578125	0.0
