WAVELENGTH	THROUGHPUT
1989.3538818359375	0.0
1990.0	2.857112169811791e-10
1990.6463623046875	1.2748720882151707e-11
2000.0	2.6711338941400925e-09
2000.648193359375	2.857482613852935e-09
2010.0	3.194509136453419e-09
2010.64990234375	3.218172842753096e-09
2020.0	3.546625681538379e-09
2020.6517333984375	3.5695243477062117e-09
2030.0	7.657903224746448e-09
2030.6534423828125	7.947067395775726e-09
2040.0	3.362043919481139e-09
2040.6552734375	3.0369539072427624e-09
2050.0	5.865139923995096e-09
2050.656982421875	6.066930807703513e-09
2060.0	4.411702938873106e-09
2060.658935546875	4.293386077431936e-09
2070.0	3.289917034443595e-09
2070.660888671875	3.2177596741222023e-09
2080.0	1.0691906947947975e-08
2080.662841796875	1.1229096728137965e-08
2090.0	3.073266392024011e-09
2090.664794921875	2.4853421028737746e-09
2100.0	1.1634723150903369e-08
2100.666748046875	1.2313555209323218e-08
2110.0	3.58085910784059e-09
2110.668701171875	2.9338684758273786e-09
2120.0	1.0431728698664611e-08
2120.670654296875	1.0987191708091157e-08
2130.0	7.840455612045246e-09
2130.672607421875	7.606441249964452e-09
2140.0	8.938393275120356e-09
2140.674560546875	9.037299654148348e-09
2150.0	1.2044055943022415e-08
2150.676513671875	1.2268387103543372e-08
2160.0	1.2775109699809775e-08
2160.6787109375	1.2811598477552965e-08
2170.0	1.2026066950969712e-08
2170.6806640625	1.1967125535145965e-08
2180.0	8.85442139011335e-09
2180.682861328125	8.61899803833252e-09
2190.0	1.2436130395155765e-08
2190.684814453125	1.2724284211256123e-08
2200.0	1.7142735759520575e-08
2200.68701171875	1.7479786461322502e-08
2210.0	1.4983871882694823e-08
2210.68896484375	1.4793583500944155e-08
2220.0	1.296867371936241e-08
2220.691162109375	1.2828175799901541e-08
2230.0	1.773063137157936e-08
2230.693115234375	1.8099052567034582e-08
2240.0	1.4003305829124106e-08
2240.6953125	1.3688237291442702e-08
2250.0	1.5828865169849626e-08
2250.697509765625	1.5993255138984268e-08
2260.0	1.5298974182674155e-08
2260.69970703125	1.5244782640867694e-08
2270.0	1.4750546475470135e-08
2270.701904296875	1.4711703010973412e-08
2280.0	9.815010641678482e-09
2280.7041015625	9.43499825375327e-09
2290.0	1.1384559185456142e-08
2290.706298828125	1.1536011561363077e-08
2300.0	1.2842123387628192e-08
2300.70849609375	1.2938026497291658e-08
2310.0	1.5504151917515485e-08
2310.71044921875	1.570282568552335e-08
2320.0	1.2814652375979477e-08
2320.712890625	1.2588654744921426e-08
2330.0	1.5445148682623135e-08
2330.715087890625	1.566866357143935e-08
2340.0	1.504834837313327e-08
2340.71728515625	1.4999424951790528e-08
2350.0	1.5928802760957085e-08
2350.719482421875	1.600146909624455e-08
2360.0	1.1349105872160355e-08
2360.7216796875	1.0981559628369928e-08
2370.0	1.3711009529974306e-08
2370.723876953125	1.3927207467990072e-08
2380.0	1.2597414782434128e-08
2380.72607421875	1.2491767940088472e-08
2390.0	1.629924063557505e-08
2390.728515625	1.6600695421854638e-08
2400.0	1.0465127757641503e-08
2400.730712890625	9.96721986114668e-09
2410.0	1.1468395946828992e-08
2410.73291015625	1.1586929229667091e-08
2420.0	1.082755152254573e-08
2420.735107421875	1.0767296085845105e-08
2430.0	1.3809813199848503e-08
2430.737548828125	1.4049309403232177e-08
2440.0	1.2024722567975024e-08
2440.73974609375	1.1864321126919062e-08
2450.0	8.051241391673355e-09
2450.7421875	7.746344904228987e-09
2460.0	1.638344373500213e-08
2460.744384765625	1.7074974672619457e-08
2470.0	1.5159343470208778e-08
2470.74658203125	1.5006364051843243e-08
2480.0	2.0962641990195497e-08
2480.7490234375	2.144352782499615e-08
2490.0	1.4508097395090367e-08
2490.751220703125	1.3945389774767064e-08
2500.0	1.3752001954808649e-08
2500.753662109375	1.3733697540429948e-08
2510.0	1.8936741063953042e-08
2510.756103515625	1.9359617473787793e-08
2520.0	1.631355033058421e-08
2520.75830078125	1.6064037989922028e-08
2530.0	1.7900964360356275e-08
2530.760498046875	1.8052291504655025e-08
2540.0	1.4698962016009852e-08
2540.762939453125	1.4423731011109399e-08
2550.0	1.0180317004073558e-08
2550.765380859375	9.830159181872213e-09
2560.0	1.5746270174759792e-08
2560.767578125	1.623561069378207e-08
2570.0	1.3900667564955391e-08
2570.77001953125	1.3707105871511298e-08
2580.0	1.365952938960123e-08
2580.7724609375	1.3654571992213413e-08
2590.0	1.6128771694719458e-08
2590.77490234375	1.6336149980278353e-08
2600.0	1.5092495341038407e-08
2600.777099609375	1.4982736230761988e-08
2610.0	1.34282843961133e-08
2610.779541015625	1.3297290175958604e-08
2620.0	7.42374929827263e-09
2620.781982421875	6.932185942295468e-09
2630.0	1.0328357581588695e-08
2630.7841796875	1.0614179761856857e-08
2640.0	1.540009596551612e-08
2640.78662109375	1.580265854034015e-08
2650.0	1.1007769544788474e-08
2650.7890625	1.0602842558350343e-08
2660.0	1.0246562938681628e-08
2660.79150390625	1.0216177160953519e-08
2670.0	1.4538586745215793e-08
2670.793701171875	1.490545133948524e-08
2680.0	1.4245003411692667e-08
2680.796142578125	1.4189459942759097e-08
2690.0	1.039066672086953e-08
2690.798583984375	1.0064961623031137e-08
2700.0	6.694628012781643e-09
2700.801025390625	6.410649614079698e-09
2710.0	1.3541848450142447e-08
2710.803466796875	1.4164975192117664e-08
2720.0	9.090668529098262e-09
2720.805908203125	8.646148234128734e-09
2730.0	8.986606418200501e-09
2730.808349609375	9.015869119583603e-09
2740.0	5.375513770069518e-09
2740.810791015625	5.055175192903094e-09
2750.0	9.456173921323328e-09
2750.81298828125	9.844683680254307e-09
2760.0	7.302637882410598e-09
2760.815673828125	7.077748690494176e-09
2770.0	1.552962224658322e-08
2770.818115234375	1.628223902348519e-08
2780.0	1.5826782239469118e-08
2780.8203125	1.5784928480957294e-08
2790.0	1.0254878802528386e-08
2790.822998046875	9.760438362678885e-09
2800.0	1.297875496332535e-08
2800.8251953125	1.3273586458670606e-08
2810.0	1.502361865129323e-08
2810.827880859375	1.5181126801070973e-08
2820.0	1.491589211091171e-08
2820.830078125	1.4892906374011305e-08
2830.0	8.984611020893544e-09
2830.83251953125	8.444291547620252e-09
2840.0	7.22480033512396e-09
2840.835205078125	7.113928300756827e-09
2850.0	2.1869044870360506e-08
2850.837646484375	2.3222539077997756e-08
2860.0	1.2819795873924188e-08
2860.840087890625	1.1861592488125842e-08
2870.0	1.5389221766333975e-08
2870.842529296875	1.5715763619569314e-08
2880.0	1.8182835362270203e-08
2880.844970703125	1.8409876364496847e-08
2890.0	1.0565150853530862e-08
2890.847412109375	9.837803136908467e-09
2900.0	8.610198429926273e-10
2900.849853515625	2.448741981426457e-11
2910.0	1.7936546725390484e-08
2910.852294921875	1.961627083630072e-08
2920.0	1.863363527646157e-08
2920.854736328125	1.8542550811921908e-08
2930.0	1.1650576559700907e-08
2930.857421875	1.099857866207083e-08
2940.0	5.5847273825587016e-09
2940.85986328125	5.072520134956657e-09
2950.0	9.689295395686225e-09
2950.8623046875	1.0128096635626751e-08
2960.0	1.2350638461099993e-08
2960.86474609375	1.2561514980236127e-08
2970.0	1.191187861706789e-08
2970.8671875	1.1850677845240077e-08
2980.0	2.1958913988807162e-08
2980.86962890625	2.2926666155765236e-08
2990.0	8.764163130975188e-09
2990.872314453125	7.402879770002132e-09
3000.0	1.6035475606208166e-08
3000.874755859375	1.685783890525426e-08
3010.0	7.521642971487537e-09
3010.877197265625	6.624808209772407e-09
3020.0	9.713464294953942e-09
3020.879638671875	1.0011492485204986e-08
3030.0	2.2122297169486948e-08
3030.882080078125	2.329250660024239e-08
3040.0	1.528769000254729e-08
3040.884765625	1.451224059142144e-08
3050.0	1.6311113522586465e-08
3050.88720703125	1.6485004936968533e-08
3060.0	1.6135296925224845e-08
3060.8896484375	1.610244010000838e-08
3070.0	2.2356245017783715e-08
3070.89208984375	2.2967183345927755e-08
3080.0	2.2331891743653922e-08
3080.894775390625	2.2271261482773478e-08
3090.0	1.4200227495777509e-08
3090.897216796875	1.3403319239035924e-08
3100.0	1.014623691806082e-08
3100.899658203125	9.825194383346511e-09
3110.0	2.98104609556961e-08
3110.902099609375	3.179280895278163e-08
3120.0	2.7427452816086552e-08
3120.90478515625	2.6990858060086427e-08
3130.0	1.2213279201811975e-08
3130.9072265625	1.0740506173862765e-08
3140.0	2.2261379866122613e-08
3140.909912109375	2.34130891401761e-08
3150.0	2.147135131506218e-08
3150.912353515625	2.127823733454493e-08
3160.0	1.754237454346002e-08
3160.914794921875	1.7164671315479383e-08
3170.0	1.9388798319240998e-08
3170.917236328125	1.9614875860823e-08
3180.0	2.3140517918744275e-08
3180.919921875	2.3495891958273945e-08
3190.0	2.365160155959639e-08
3190.92236328125	2.3669346830573922e-08
3200.0	2.8589194315572244e-08
3200.9248046875	2.9085286970523086e-08
3210.0	2.778097681863194e-08
3210.927490234375	2.7650135153798832e-08
3220.0	2.5475626238432448e-08
3220.929931640625	2.5250774063257453e-08
3230.0	2.625360309515643e-08
3230.9326171875	2.6358739193744633e-08
3240.0	1.629219206084964e-08
3240.93505859375	1.5253396479742545e-08
3250.0	3.515939749326671e-08
3250.9375	3.7218217840627786e-08
3260.0	6.325112918991714e-09
3260.940185546875	3.1216250407656954e-09
3270.0	1.1768373251905757e-08
3270.942626953125	1.2667783802469133e-08
3280.0	1.9820233347449665e-08
3280.9453125	2.0564592423344508e-08
3290.0	3.403992282938514e-08
3290.94775390625	3.545131856107119e-08
3300.0	1.8802074113586978e-08
3300.9501953125	1.7053988098925525e-08
3310.0	1.8311596165216886e-08
3310.952880859375	1.8445379361875304e-08
3320.0	9.958822606672007e-09
3320.955322265625	9.06243025970058e-09
3330.0	5.412724675155954e-09
3330.9580078125	5.027133604489876e-09
3340.0	1.5775661741823266e-08
3340.96044921875	1.6915299521703986e-08
3350.0	3.728332315687151e-08
3350.962890625	3.945312080920424e-08
3360.0	3.829998066587316e-09
3360.965576171875	2.5991967202159233e-11
3370.0	1.2629124722573886e-08
3370.968017578125	1.3978759859010632e-08
3380.0	1.7515814228527126e-08
3380.970703125	1.7894219147341075e-08
3390.0	1.727227357549887e-08
3390.97314453125	1.7206815266848555e-08
3400.0	2.003711966789717e-08
3400.975830078125	2.033095526550131e-08
3410.0	3.9699436854680434e-08
3410.978271484375	4.178868030182411e-08
3420.0	3.650253776767145e-08
3420.98095703125	3.592785949581519e-08
3430.0	3.991070381824642e-08
3430.9833984375	4.034517655662967e-08
3440.0	1.6591598257310965e-08
3440.986083984375	1.4007903213811694e-08
3450.0	3.544558817418521e-08
3450.988525390625	3.778367157607667e-08
3460.0	5.341788286601295e-08
3460.9912109375	5.512223565059648e-08
3470.0	2.126629420479222e-08
3470.99365234375	1.7557791619270397e-08
3480.0	3.295359946811521e-08
3480.996337890625	3.464781098122134e-08
3490.0	1.349581791882109e-08
3490.998779296875	1.1162787229311888e-08
3500.0	4.1674232789476226e-08
3501.00146484375	4.504873663634357e-08
3510.0	1.7141937576452218e-08
3511.00390625	1.4046642921991662e-08
3520.0	2.5848545527763905e-08
3521.006591796875	2.716192518495387e-08
3530.0	1.5141074978135112e-08
3531.009033203125	1.3799620761802458e-08
3540.0	5.234616772409416e-09
3541.01171875	4.278167728364154e-09
3550.0	3.146802766683971e-08
3551.014404296875	3.4513703320101945e-08
3560.0	8.677262092198615e-09
3561.016845703125	5.774956081123063e-09
3570.0	2.254694662999319e-08
3571.019287109375	2.4437971118360444e-08
3580.0	1.9758300951542364e-08
3581.02197265625	1.922747261699134e-08
3590.0	1.9305447289166447e-08
3591.024658203125	1.9315902650903174e-08
3600.0	3.817077850396174e-08
3601.027099609375	4.035074200996103e-08
3610.0	2.0306370550532325e-08
3611.02978515625	1.8002578228723298e-08
3620.0	2.7871601206879157e-08
3621.0322265625	2.9008087606729633e-08
3630.0	3.933332993608067e-08
3631.034912109375	4.052683988827393e-08
3640.0	2.3905183249375992e-08
3641.03759765625	2.1979542849067774e-08
3650.0	2.8761611052910298e-08
3651.0400390625	2.9548215297227782e-08
3660.0	2.3536128467249497e-08
3661.04248046875	2.2837295445316778e-08
3670.0	1.9881627133173576e-08
3671.045166015625	1.953397481654881e-08
3680.0	2.869787547047665e-08
3681.0478515625	2.9772341951538565e-08
3690.0	3.152526804283604e-09
3691.05029296875	2.313369098334309e-11
3700.0	1.8957950593709388e-08
3701.052978515625	2.1190188983460283e-08
3710.0	2.2611658738924084e-09
3711.0556640625	2.3246758716528975e-11
3720.0	2.3306427045543996e-11
3721.05810546875	2.3311346176525548e-11
3730.0	3.739315378562001e-09
3731.060791015625	4.18102962583708e-09
3740.0	2.668187887695323e-08
3741.063232421875	2.9366162199052235e-08
3750.0	2.116872604460078e-08
3751.06591796875	2.018631375945243e-08
3760.0	9.54885697400788e-09
3761.068603515625	8.274754291079434e-09
3770.0	4.091761678982586e-09
3771.071044921875	3.5883749414875373e-09
3780.0	6.321055681714203e-09
3781.07373046875	6.650311889758707e-09
3790.0	8.699271248697983e-09
3791.076416015625	8.94766855971479e-09
3800.0	9.88704096490517e-10
3801.078857421875	2.3754677858398397e-11
3810.0	1.4921842599454563e-08
3811.08154296875	1.673852693736107e-08
3820.0	1.8448321480933694e-09
3821.083984375	2.403561352217321e-11
3830.0	2.417843441189231e-11
3831.086669921875	2.419356091325183e-11
3840.0	5.0983162996162605e-09
3841.08935546875	5.722546914000486e-09
3850.0	2.508475154582737e-09
3851.091796875	2.1118558546082585e-09
3860.0	2.541700040886685e-10
3861.094482421875	2.4632401038929362e-11
3870.0	2.475624386594663e-11
3871.09716796875	2.4773844942479752e-11
3880.0	4.379966167556079e-09
3881.099609375	4.920884924396009e-09
3890.0	5.67266867951193e-10
3891.102294921875	2.507111367340964e-11
3900.0	1.9159211189334218e-08
3901.10498046875	2.155056198002513e-08
3910.0	9.141819067922983e-09
3911.107421875	7.586327886097643e-09
3920.0	1.6221220746350592e-08
3921.110107421875	1.730497878295156e-08
3930.0	1.9572304616147974e-09
3931.11279296875	2.564986189243217e-11
3940.0	4.25850332097341e-08
3941.115478515625	4.795547006942182e-08
3950.0	5.408233223973328e-09
3951.117919921875	2.5945913412027673e-11
3960.0	3.4230691980797345e-08
3961.12060546875	3.857262428478007e-08
3970.0	4.378560969729278e-09
3971.123291015625	2.6243826021401783e-11
3980.0	6.7932416560954055e-09
3981.125732421875	7.655882376555036e-09
3990.0	8.911640119686831e-10
3991.12841796875	2.6520660437821586e-11
4000.0	2.5943813715247525e-08
4001.131103515625	2.9252793142821624e-08
4010.0	2.254591364268501e-08
4011.133544921875	2.1687464435454328e-08
4020.0	1.8358252902506e-08
4021.13623046875	1.793275250559851e-08
4030.0	2.1568023430080677e-08
4031.138916015625	2.2035536241732222e-08
4040.0	3.163757332531238e-08
4041.1416015625	3.287702752677458e-08
4050.0	3.028242127699949e-08
4051.14404296875	2.994956754099867e-08
4060.0	2.51691213330421e-08
4061.146728515625	2.454590497562282e-08
4070.0	2.9200331897059656e-08
4071.1494140625	2.980573340190161e-08
4080.0	3.252346643726065e-08
4081.15185546875	3.288105681053575e-08
4090.0	2.4341769102053917e-08
4091.154541015625	2.3222096475543367e-08
4100.0	3.086681026113128e-08
4101.1572265625	3.1868793697289416e-08
4110.0	2.647850347591129e-08
4111.15966796875	2.577279647948748e-08
4120.0	2.7654590101833487e-08
4121.16259765625	2.7899903456256068e-08
4130.0	2.7213981195245864e-08
4131.1650390625	2.7123349884733073e-08
4140.0	2.5125439684457886e-08
4141.16748046875	2.486091597048989e-08
4150.0	2.56295319878304e-08
4151.17041015625	2.5734125198038908e-08
4160.0	2.0646972667992838e-08
4161.1728515625	1.996738351081484e-08
4170.0	1.5725702084774676e-08
4171.17529296875	1.5159893098467293e-08
4180.0	1.9597195861033e-08
4181.17822265625	2.019272337862512e-08
4190.0	2.2342734506689714e-08
4191.1806640625	2.2628920995600357e-08
4200.0	1.979178797530803e-08
4201.18359375	1.9410327878574798e-08
4210.0	2.1881232158307785e-08
4211.18603515625	2.221419674208249e-08
4220.0	2.8321862800678357e-08
4221.1884765625	2.9149823597471213e-08
4230.0	2.3798304908440636e-08
4231.19140625	2.3069389586889662e-08
4240.0	1.867761159257693e-08
4241.19384765625	1.8081548985963825e-08
4250.0	1.9356929044053075e-08
4251.1962890625	1.9532407961543202e-08
4260.0	1.998407574125299e-08
4261.19921875	2.00436552125554e-08
4270.0	2.691685656499696e-08
4271.20166015625	2.7856565269526323e-08
4280.0	2.0287838493016156e-08
4281.20458984375	1.9250190395823947e-08
4290.0	2.0024109646062475e-08
4291.20703125	2.0132516362398024e-08
4300.0	1.6314361835475215e-08
4301.20947265625	1.578638132020793e-08
4310.0	1.9950382859851007e-08
4311.21240234375	2.052542711123745e-08
4320.0	2.7796383802010085e-08
4321.21484375	2.880286868876558e-08
4330.0	2.1277375816753243e-08
4331.2177734375	2.023494562260259e-08
4340.0	2.5045846114786013e-08
4341.22021484375	2.5713019882804465e-08
4350.0	2.809729002544634e-08
4351.22265625	2.8429722443540552e-08
4360.0	2.4191858119864235e-08
4361.2255859375	2.359933183823352e-08
4370.0	1.9945499042975402e-08
4371.22802734375	1.9435495494192735e-08
4380.0	2.1802866079339644e-08
4381.23046875	2.2133311510154762e-08
4390.0	2.2765663415121645e-08
4391.2333984375	2.2854700282575014e-08
4400.0	2.110037482463675e-08
4401.23583984375	2.0852748298677268e-08
4410.0	1.5431766256573156e-08
4411.23876953125	1.466456669442764e-08
4420.0	1.627204738387146e-08
4421.2412109375	1.6501803923782614e-08
4430.0	1.835964125264088e-08
4431.244140625	1.8622986590871956e-08
4440.0	2.3100098397814807e-08
4441.24658203125	2.3738530800432904e-08
4450.0	2.6131365004376664e-08
4451.2490234375	2.6473341012737643e-08
4460.0	2.0211125662563324e-08
4461.251953125	1.9315821427462477e-08
4470.0	1.863816299530981e-08
4471.25439453125	1.8538759732429443e-08
4480.0	1.6463654012041007e-08
4481.25732421875	1.616484320473131e-08
4490.0	1.7098737477792315e-08
4491.259765625	1.7233515527749845e-08
4500.0	2.255629104812496e-08
4501.26220703125	2.3323195812872362e-08
4510.0	2.2307161529042503e-08
4511.26513671875	2.2162340166594932e-08
4520.0	2.8596064941244465e-08
4521.267578125	2.9527851545960136e-08
4530.0	2.5232875537949968e-08
4531.2705078125	2.460762050347433e-08
4540.0	1.4635057095108363e-08
4541.27294921875	1.3179993018452043e-08
4550.0	2.300164393095896e-08
4551.275390625	2.4437832431219596e-08
4560.0	2.286145501244609e-08
4561.2783203125	2.263281054555239e-08
4570.0	2.1531556990240693e-08
4571.28076171875	2.136726686855805e-08
4580.0	1.6559674855363135e-08
4581.28369140625	1.5851471280419785e-08
4590.0	1.8936420219292356e-08
4591.2861328125	1.9391885173799027e-08
4600.0	2.0845542762641592e-08
4601.28857421875	2.1060623589838756e-08
4610.0	1.7435068984478524e-08
4611.29150390625	1.6899109150111926e-08
4620.0	1.9236678435880927e-08
4621.2939453125	1.9582329728862178e-08
4630.0	2.1152034956420407e-08
4631.296875	2.138538216741449e-08
4640.0	1.8415809638885453e-08
4641.29931640625	1.797231798744246e-08
4650.0	2.325597100148471e-08
4651.3017578125	2.4046768007567375e-08
4660.0	2.2305605121775278e-08
4661.3046875	2.2044353201690485e-08
4670.0	1.967004828015392e-08
4671.30712890625	1.9315146368481224e-08
4680.0	2.0586734828224672e-08
4681.31005859375	2.0776283762067917e-08
4690.0	1.7875632336823796e-08
4691.3125	1.7437366883136238e-08
4700.0	2.2149335817342566e-08
4701.3154296875	2.2863047499938237e-08
4710.0	2.1038323765728852e-08
4711.31787109375	2.0761328665926168e-08
4720.0	2.4782913989896442e-08
4721.3203125	2.5394707637970303e-08
4730.0	2.2466158769575253e-08
4731.3232421875	2.2019537656528252e-08
4740.0	2.5914135653126154e-08
4741.32568359375	2.6512371759123314e-08
4750.0	2.45784578129272e-08
4751.32861328125	2.427914535262396e-08
4760.0	2.0700449643988202e-08
4761.3310546875	2.015092947140745e-08
4770.0	1.7165947127438015e-08
4771.333984375	1.6706455817749837e-08
4780.0	2.0356556580774045e-08
4781.33642578125	2.0919650748785426e-08
4790.0	2.7640607601929766e-08
4791.3388671875	2.8679617731614732e-08
4800.0	2.09330211119338e-08
4801.341796875	1.9732489843108824e-08
4810.0	2.2886027045215022e-08
4811.34423828125	2.3378474584436625e-08
4820.0	1.7010525229030162e-08
4821.34716796875	1.601641617385506e-08
4830.0	1.8072891655692626e-08
4831.349609375	1.8393486682898215e-08
4840.0	2.4399490395654694e-08
4841.3525390625	2.5338789932621916e-08
4850.0	2.95322567623008e-08
4851.35498046875	3.018948108113413e-08
4860.0	1.78994160121174e-08
4861.357421875	1.5969195118106547e-08
4870.0	1.354639094958722e-08
4871.3603515625	1.3164951826844903e-08
4880.0	1.5289259687023952e-08
4881.36279296875	1.5624431098646244e-08
4890.0	1.5681799193678007e-08
4891.36572265625	1.569269298092361e-08
4900.0	2.4599323638931978e-08
4901.3681640625	2.6009166334364292e-08
4910.0	1.3277302879249813e-08
4911.37109375	1.1254457587793527e-08
4920.0	2.505389882045343e-08
4921.37353515625	2.7251009758252476e-08
4930.0	2.2747139393218654e-08
4931.3759765625	2.202858272856205e-08
4940.0	2.101278971367272e-08
4941.37890625	2.0850337369259573e-08
4950.0	1.2486166743716785e-08
4951.38134765625	1.1145651492779377e-08
4960.0	2.5820594081549526e-08
4961.38427734375	2.8178171773382484e-08
4970.0	2.3072558946928604e-08
4971.38671875	2.225059752152861e-08
4980.0	2.5793275397167204e-08
4981.3896484375	2.6364994981640908e-08
4990.0	2.7025921671599534e-08
4991.39208984375	2.7136017589898918e-08
5000.0	2.7350023239017905e-08
5001.39501953125	2.7380490955735698e-08
5010.0	2.5448232926550602e-08
5011.3974609375	2.513444687891809e-08
5020.0	2.4045885048024464e-08
5021.39990234375	2.3868748768124227e-08
5030.0	2.5907097813621633e-08
5031.40283203125	2.6238751151049034e-08
5040.0	2.261638428232416e-08
5041.4052734375	2.2024424804856585e-08
5050.0	2.4792711011430868e-08
5051.408203125	2.5246169044224577e-08
5060.0	3.217871782609475e-08
5061.41064453125	3.331667664697653e-08
5070.0	3.0471372324725e-08
5071.41357421875	3.000322912545332e-08
5080.0	2.5980682604033482e-08
5081.416015625	2.5317471482323134e-08
5090.0	2.2930953358579652e-08
5091.4189453125	2.2536554696104963e-08
5100.0	2.4192730159439156e-08
5101.42138671875	2.446700505038758e-08
5110.0	2.6499622520818173e-08
5111.42431640625	2.6837011192280325e-08
5120.0	2.5006848970488004e-08
5121.4267578125	2.470241957595671e-08
5130.0	2.560683413086904e-08
5131.42919921875	2.5760686271637303e-08
5140.0	2.443769156171964e-08
5141.43212890625	2.4213571867518952e-08
5150.0	2.645453237641639e-08
5151.4345703125	2.6829669866652123e-08
5160.0	2.3466019651834263e-08
5161.4375	2.2901640979975205e-08
5170.0	2.4625180009110423e-08
5171.43994140625	2.491494162635584e-08
5180.0	3.2019558702673244e-08
5181.44287109375	3.3216816007114706e-08
5190.0	2.9079943981052033e-08
5191.4453125	2.8381389819102158e-08
5200.0	2.7104356476207746e-08
5201.4482421875	2.6888214952585757e-08
5210.0	3.174525125807123e-08
5211.45068359375	3.256897075906899e-08
5220.0	2.9501522089284583e-08
5221.45361328125	2.8980083736659884e-08
5230.0	4.0734946678203104e-08
5231.4560546875	4.27375017747463e-08
5240.0	3.4269994468186126e-08
5241.45849609375	3.2824811224699094e-08
5250.0	3.346343305837949e-08
5251.46142578125	3.3572679595227276e-08
5260.0	2.8393225726155778e-08
5261.4638671875	2.7505420415231057e-08
5270.0	2.2177828467570167e-08
5271.466796875	2.1262529215849888e-08
5280.0	2.766318911152301e-08
5281.46923828125	2.876503280622533e-08
5290.0	2.7953554495409983e-08
5291.47216796875	2.781353584779619e-08
5300.0	2.92599304455913e-08
5301.474609375	2.9509976435892703e-08
5310.0	2.3699551736276676e-08
5311.4775390625	2.269272660915974e-08
5320.0	3.25534550408257e-08
5321.47998046875	3.426550893475278e-08
5330.0	3.223576126943976e-08
5331.48291015625	3.188253659243724e-08
5340.0	2.7639977461934732e-08
5341.4853515625	2.6900228290334955e-08
5350.0	2.9892535601616304e-08
5351.48779296875	3.0415252889246474e-08
5360.0	2.8232390754488648e-08
5361.49072265625	2.785016345620907e-08
5370.0	2.4317334610881365e-08
5371.4931640625	2.3697532446422363e-08
5380.0	3.209241118914463e-08
5381.49609375	3.3568505283125486e-08
5390.0	2.903414786905616e-08
5391.49853515625	2.8235286227425583e-08
5400.0	3.294272112243876e-08
5401.50146484375	3.3773911087444065e-08
5410.0	2.916364546970876e-08
5411.50390625	2.8347968007381005e-08
5420.0	2.797838002972353e-08
5421.5068359375	2.791282613848636e-08
5430.0	3.544273207315937e-08
5431.50927734375	3.678046201804434e-08
5440.0	2.5705136816147364e-08
5441.51220703125	2.3733070661822404e-08
5450.0	2.5198900798465657e-08
5451.5146484375	2.546039111761352e-08
5460.0	2.995886513694295e-08
5461.517578125	3.076317276743812e-08
5470.0	3.147638918330228e-08
5471.52001953125	3.1604132199847794e-08
5480.0	3.9539082612963823e-08
5481.5224609375	4.096329888885583e-08
5490.0	2.7156140416982584e-08
5491.525390625	2.4672414135216724e-08
5500.0	2.7629382975810915e-08
5501.52783203125	2.816252751799e-08
5510.0	3.3481599488370924e-08
5511.53076171875	3.444241541635805e-08
5520.0	3.029974149648989e-08
5521.533203125	2.9549942471621e-08
5530.0	3.187651017242828e-08
5531.5361328125	3.229849037611089e-08
5540.0	2.812550311185236e-08
5541.53857421875	2.73670793598777e-08
5550.0	2.7038729780510988e-08
5551.54150390625	2.6978906181533844e-08
5560.0	2.997262136579763e-08
5561.5439453125	3.0518910314444783e-08
5570.0	3.182922841100768e-08
5571.546875	3.206465210411236e-08
5580.0	3.692318617645774e-08
5581.54931640625	3.781762819010722e-08
5590.0	2.7872714240980403e-08
5591.55224609375	2.6046481493226086e-08
5600.0	3.3690792048358256e-08
5601.5546875	3.5097222972839235e-08
5610.0	3.470350189784854e-08
5611.5576171875	3.463088868566197e-08
5620.0	3.503950320124294e-08
5621.56005859375	3.51149466018065e-08
5630.0	3.1698174568444935e-08
5631.56298828125	3.106430202460085e-08
5640.0	2.722550191338117e-08
5641.5654296875	2.6513632685029204e-08
5650.0	2.9019796621893597e-08
5651.56787109375	2.948540432164273e-08
5660.0	2.7466955605416765e-08
5661.57080078125	2.709113412693801e-08
5670.0	2.3394964387155295e-08
5671.57373046875	2.2705243687691894e-08
5680.0	2.6288573883294988e-08
5681.576171875	2.6958461327727305e-08
5690.0	2.7946128464846694e-08
5691.57861328125	2.8131104422899664e-08
5700.0	3.192602016247248e-08
5701.58154296875	3.263832521163789e-08
5710.0	2.169286334951572e-08
5711.583984375	1.9634551996541223e-08
5720.0	2.6821761268921122e-08
5721.5869140625	2.8172418185067736e-08
5730.0	2.450857909326355e-08
5731.58935546875	2.3820590765711243e-08
5740.0	2.358116483569283e-08
5741.59228515625	2.3535867972113598e-08
5750.0	2.3017466330970335e-08
5751.5947265625	2.2919193043158086e-08
5760.0	3.633940746821461e-08
5761.59765625	3.888887090288006e-08
5770.0	2.9585057751189334e-08
5771.60009765625	2.7814271938554798e-08
5780.0	2.7314135822514542e-08
5781.60302734375	2.7218736667013656e-08
5790.0	2.4922935673288e-08
5791.60546875	2.448422741279017e-08
5800.0	2.6147329385001748e-08
5801.6083984375	2.646581383158703e-08
5810.0	2.3555609400203566e-08
5811.61083984375	2.2997283219807973e-08
5820.0	3.2479420570409785e-08
5821.61376953125	3.42977237247239e-08
5830.0	3.1299720225331e-08
5831.6162109375	3.072771592350063e-08
5840.0	1.6543337534343935e-08
5841.619140625	1.380505952010497e-08
5850.0	3.02780975370784e-08
5851.62158203125	3.3464122828614607e-08
5860.0	2.043150824059669e-08
5861.62451171875	1.7905612467302717e-08
5870.0	2.104544587555458e-08
5871.626953125	2.1655122608262042e-08
5880.0	2.8831993033689902e-08
5881.6298828125	3.022846747281916e-08
5890.0	2.8811591959441603e-08
5891.63232421875	2.853538596430248e-08
5900.0	3.039655961184704e-08
5901.634765625	3.0755766766686465e-08
5910.0	2.5279487496133625e-08
5911.6376953125	2.4212094077848752e-08
5920.0	2.7576359365742656e-08
5921.640625	2.8236156856735487e-08
5930.0	2.526051209983905e-08
5931.64306640625	2.4675873832597178e-08
5940.0	2.8315700548833755e-08
5941.6455078125	2.9032128638212243e-08
5950.0	3.0001467075422995e-08
5951.6484375	3.01926608470805e-08
5960.0	2.6946866487539694e-08
5961.65087890625	2.6305522811758836e-08
5970.0	3.045935360377279e-08
5971.65380859375	3.127745143703707e-08
5980.0	3.459321291247844e-08
5981.65673828125	3.525555350372767e-08
5990.0	2.9115384057210177e-08
5991.6591796875	2.7894801324298282e-08
6000.0	2.698991027652934e-08
6001.66162109375	2.6813158949445455e-08
6010.0	3.749906107298041e-08
6011.66455078125	3.963312045018266e-08
6020.0	2.393989847321543e-08
6021.6669921875	2.0800186911241165e-08
6030.0	2.604964941046557e-08
6031.669921875	2.70977053557544e-08
6040.0	2.890246708352774e-08
6041.67236328125	2.9268758075819843e-08
6050.0	3.1472685683379335e-08
6051.67529296875	3.191619206843787e-08
6060.0	2.3977508430870655e-08
6061.677734375	2.2377106951312927e-08
6070.0	3.2787225145341434e-08
6071.6806640625	3.4890171312824205e-08
6080.0	2.6017235551440878e-08
6081.68310546875	2.4221592843640808e-08
6090.0	2.34672083027879e-08
6091.68603515625	2.3310892562106143e-08
6100.0	4.0413570361060654e-08
6101.6884765625	4.389131232931931e-08
6110.0	2.5759555593388105e-08
6111.69140625	2.2068628146760606e-08
6120.0	2.698823103711456e-08
6121.69384765625	2.7991487569604007e-08
6130.0	2.567188986198135e-08
6131.69677734375	2.5197892372516726e-08
6140.0	2.7132817149289504e-08
6141.69921875	2.7528915458010237e-08
6150.0	2.7890182521502438e-08
6151.7021484375	2.7960225716890142e-08
6160.0	2.2096345064982702e-08
6161.70458984375	2.089544791904743e-08
6170.0	2.5422287979999425e-08
6171.70751953125	2.6354368793663215e-08
6180.0	2.8267058296113844e-08
6181.7099609375	2.8661573858017573e-08
6190.0	2.953125162262057e-08
6191.712890625	2.9710979478810828e-08
6200.0	2.7125708684098716e-08
6201.71533203125	2.658653994508451e-08
6210.0	2.5029877813593516e-08
6211.71826171875	2.4710820383532314e-08
6220.0	3.354491384914959e-08
6221.720703125	3.538090533494807e-08
6230.0	3.402994904107376e-08
6231.7236328125	3.3749002810941496e-08
6240.0	2.0461701184635132e-08
6241.72607421875	1.7686978957226767e-08
6250.0	2.8900341913765558e-08
6251.72900390625	3.124699429484278e-08
6260.0	2.7140107143985196e-08
6261.7314453125	2.6280049528381667e-08
6270.0	3.4847098023257936e-08
6271.734375	3.664467322305507e-08
6280.0	2.98969040599348e-08
6281.73681640625	2.8478546397206473e-08
6290.0	3.440030375164001e-08
6291.73974609375	3.56421801569685e-08
6300.0	3.1215424500022714e-08
6301.7421875	3.028674553430037e-08
6310.0	3.0640271838018246e-08
6311.7451171875	3.0714970774981073e-08
6320.0	3.173467654088256e-08
6321.74755859375	3.195059664937e-08
6330.0	2.7857248584398436e-08
6331.75048828125	2.698465537033702e-08
6340.0	3.1164408382776205e-08
6341.7529296875	3.2056855032987265e-08
6350.0	4.0832445828409714e-08
6351.755859375	4.2701350996437944e-08
6360.0	2.8528007664255812e-08
6361.75830078125	2.5504202931340538e-08
6370.0	2.5758045200142592e-08
6371.76123046875	2.580839093012532e-08
6380.0	2.6324899321163785e-08
6381.763671875	2.643935995476202e-08
6390.0	3.1276288711392765e-08
6391.7666015625	3.231400651663641e-08
6400.0	3.674018529103021e-08
6401.76904296875	3.7691425365175196e-08
6410.0	3.1015017226077917e-08
6411.77197265625	2.9572802340337573e-08
6420.0	3.005265293302767e-08
6421.7744140625	3.0160616881012837e-08
6430.0	2.7595802165845452e-08
6431.77734375	2.7040590344092238e-08
6440.0	2.352294879249096e-08
6441.77978515625	2.2761481892111924e-08
6450.0	2.36061132031096e-08
6451.78271484375	2.3785633178077713e-08
6460.0	2.762284912776757e-08
6461.78515625	2.846008938861106e-08
6470.0	3.0536059633000895e-08
6471.7880859375	3.0987889675522004e-08
6480.0	3.6975152632176457e-08
6481.79052734375	3.8280576911116265e-08
6490.0	2.9565495879169238e-08
6491.79345703125	2.7657256891274325e-08
6500.0	2.8183668466995733e-08
6501.7958984375	2.829486506640729e-08
6510.0	3.751249312654511e-08
6511.798828125	3.953017973358367e-08
6520.0	3.575771109084532e-08
6521.80126953125	3.4925014378589874e-08
6530.0	2.8806235766694094e-08
6531.80419921875	2.7467312713959943e-08
6540.0	3.374234688749304e-08
6541.806640625	3.512325218146721e-08
6550.0	2.95150907606167e-08
6551.8095703125	2.8278499251075353e-08
6560.0	3.814990884278447e-08
6561.81201171875	4.0323841373069365e-08
6570.0	3.211531871709749e-08
6571.81494140625	3.03050732482745e-08
6580.0	3.0538356931618815e-08
6581.8173828125	3.0590004360156853e-08
6590.0	2.7987611707785635e-08
6591.8203125	2.7405323605539414e-08
6600.0	2.97594905719302e-08
6601.82275390625	3.028742151019147e-08
6610.0	3.040667138401395e-08
6611.82568359375	3.04332128995705e-08
6620.0	3.0301315323673516e-08
6621.828125	3.027184823448341e-08
6630.0	2.8235005356627796e-08
6631.8310546875	2.7773019603058176e-08
6640.0	2.904623586921258e-08
6641.83349609375	2.9335714600391396e-08
6650.0	3.240051422337763e-08
6651.83642578125	3.3088178632199903e-08
6660.0	3.154214153280691e-08
6661.8388671875	3.1189635184172845e-08
6670.0	3.3839480860544e-08
6671.841796875	3.444110202972052e-08
6680.0	4.141186642850854e-08
6681.84423828125	4.298424667783952e-08
6690.0	3.478158272639649e-08
6691.84716796875	3.2922516953162484e-08
6700.0	2.8222298053704763e-08
6701.849609375	2.716347078520211e-08
6710.0	2.9945001843375106e-08
6711.8525390625	3.0575840044175995e-08
6720.0	3.061229689773592e-08
6721.85498046875	3.061564004030613e-08
6730.0	2.6790623887322066e-08
6731.85791015625	2.5924866793351932e-08
6740.0	3.2170958414720523e-08
6741.8603515625	3.359496656513654e-08
6750.0	3.305566957631646e-08
6751.86328125	3.2927151983760224e-08
6760.0	3.420140829475334e-08
6761.86572265625	3.449821544472357e-08
6770.0	3.428954327355698e-08
6771.86865234375	3.424167130070143e-08
6780.0	3.0890670523555686e-08
6781.87109375	3.011635893626051e-08
6790.0	3.3559306172375514e-08
6791.8740234375	3.43561233075521e-08
6800.0	3.359976263923964e-08
6801.87646484375	3.3425476459808854e-08
6810.0	2.7540269667449618e-08
6811.87939453125	2.6177437220211993e-08
6820.0	3.5473838521692044e-08
6821.88232421875	3.762820402797068e-08
6830.0	3.365523949657359e-08
6831.884765625	3.273623035083712e-08
6840.0	3.548586486967046e-08
6841.8876953125	3.611828639166784e-08
6850.0	3.198633846080392e-08
6851.89013671875	3.1031385641199437e-08
6860.0	2.333761670887252e-08
6861.892578125	2.1542124127099668e-08
6870.0	3.132924035199142e-08
6871.8955078125	3.3616445118833827e-08
6880.0	3.490145730079817e-08
6881.8984375	3.5201831553062773e-08
6890.0	3.266683183167702e-08
6891.90087890625	3.2067931294501485e-08
6900.0	2.643207937934144e-08
6901.90380859375	2.5115203998731984e-08
6910.0	2.4736801803678986e-08
6911.90625	2.464789335884124e-08
6920.0	2.7063906726066686e-08
6921.9091796875	2.762811498406718e-08
6930.0	2.2582022896172704e-08
6931.91162109375	2.1396686822488075e-08
6940.0	2.7989118306348005e-08
6941.91455078125	2.95415498102881e-08
6950.0	2.7582330117702882e-08
6951.9169921875	2.7123627381580222e-08
6960.0	3.0727180649677744e-08
6961.919921875	3.1581437760775235e-08
6970.0	2.698206739194233e-08
6971.92236328125	2.5885669356352665e-08
6980.0	2.5562735925515e-08
6981.92529296875	2.549023489251866e-08
6990.0	2.941186366145215e-08
6991.927734375	3.034624422532044e-08
7000.0	3.001184467948476e-08
7001.9306640625	2.992077766099042e-08
7010.0	3.091676915028806e-08
7011.93310546875	3.115962706354309e-08
7020.0	2.4758203011546794e-08
7021.93603515625	2.322265096389984e-08
7030.0	2.842167514388979e-08
7031.9384765625	2.9669503577911132e-08
7040.0	2.98163458446915e-08
7041.94140625	2.9851560088055236e-08
7050.0	2.6477022682732487e-08
7051.94384765625	2.5661416885702305e-08
7060.0	2.8732138736299542e-08
7061.94677734375	2.947595567438024e-08
7070.0	3.081380113910826e-08
7071.94921875	3.113119147424603e-08
7080.0	3.3403830834344e-08
7081.9521484375	3.395825863569253e-08
7090.0	3.090225662067473e-08
7091.95458984375	3.015740966782578e-08
7100.0	2.9207095635232265e-08
7101.95751953125	2.8981770877282284e-08
7110.0	2.480910846013874e-08
7111.9599609375	2.379567377847949e-08
7120.0	3.248660337625452e-08
7121.962890625	3.4595169434948054e-08
7130.0	2.52132741687522e-08
7131.96533203125	2.2932838647418985e-08
7140.0	2.7604137990191317e-08
7141.96826171875	2.873958250382338e-08
7150.0	3.5635394844487786e-08
7151.970703125	3.732650136980864e-08
7160.0	3.5644258096356404e-08
7161.9736328125	3.522606261570853e-08
7170.0	4.299048685601729e-08
7171.97607421875	4.490152631912865e-08
7180.0	4.632398781225485e-08
7181.97900390625	4.667355541311269e-08
7190.0	4.6512730228788676e-08
7191.98193359375	4.6465001979070365e-08
7200.0	5.280633981256545e-08
7201.984375	5.437836317894424e-08
7210.0	5.718627170923369e-08
7211.9873046875	5.786990220845963e-08
7220.0	6.528561964969391e-08
7221.98974609375	6.713078567616648e-08
7230.0	7.045436300882067e-08
7231.99267578125	7.126013878176403e-08
7240.0	7.760879966802663e-08
7241.9951171875	7.919689292751775e-08
7250.0	7.917476092637795e-08
7251.998046875	7.915526326390058e-08
7260.0	8.104946218908393e-08
7262.00048828125	8.153493659402655e-08
7270.0	9.028048374911896e-08
7272.00341796875	9.24622318182643e-08
7280.0	1.13499355789709e-07
7282.005859375	1.1873481755772005e-07
7290.0	1.1666269767803986e-07
7292.0087890625	1.1616469991992585e-07
7300.0	1.3334224219773032e-07
7302.01123046875	1.3762430113514693e-07
7310.0	1.5080382879138833e-07
7312.01416015625	1.5413807564449774e-07
7320.0	1.6155094613513493e-07
7322.0166015625	1.633864098120108e-07
7330.0	1.6159483587760194e-07
7332.01953125	1.611720931217935e-07
7340.0	1.6820934381684225e-07
7342.02197265625	1.6995493823097961e-07
7350.0	1.5548508486704638e-07
7352.02490234375	1.5185656413977856e-07
7360.0	1.321700964028552e-07
7362.02734375	1.2716203953302425e-07
7370.0	1.16866616580667e-07
7372.0302734375	1.1427745776438669e-07
7380.0	9.58617661284822e-08
7382.03271484375	9.116648259647258e-08
7390.0	9.206437257349473e-08
7392.03564453125	9.230908505361157e-08
7400.0	8.32294811884025e-08
7402.0380859375	8.090034354363188e-08
7410.0	7.827398140646886e-08
7412.041015625	7.761775116973134e-08
7420.0	7.772188138304786e-08
7422.04345703125	7.773435224373326e-08
7430.0	8.500787438983678e-08
7432.04638671875	8.689447226554793e-08
7440.0	9.503959440916417e-08
7442.04931640625	9.711348133376665e-08
7450.0	1.055733474258298e-07
7452.0517578125	1.0776658929515433e-07
7460.0	1.2078594356155062e-07
7462.0546875	1.2411737239863438e-07
7470.0	1.5115398075707888e-07
7472.05712890625	1.5815264244923554e-07
7480.0	1.7602768590075097e-07
7482.06005859375	1.8061512465695222e-07
7490.0	1.8906156438336357e-07
7492.0625	1.9128158388627834e-07
7500.0	2.0500715281822178e-07
7502.0654296875	2.0851393432130083e-07
7510.0	2.0693691598536516e-07
7512.06787109375	2.06565816930896e-07
7520.0	1.875477866768212e-07
7522.07080078125	1.82567681828879e-07
7530.0	1.858393697191834e-07
7532.0732421875	1.867249462439433e-07
7540.0	1.7169315752699257e-07
7542.076171875	1.6773933849435328e-07
7550.0	1.4527615249390547e-07
7552.07861328125	1.3943583458622752e-07
7560.0	1.311639509501e-07
7562.08154296875	1.2897412375064854e-07
7570.0	1.2263656578457422e-07
7572.083984375	1.2099842587519654e-07
7580.0	1.0456209094831423e-07
7582.0869140625	1.0022617900946495e-07
7590.0	1.0681086623203666e-07
7592.08984375	1.0856176008299294e-07
7600.0	1.0048706068157082e-07
7602.09228515625	9.834064775618004e-08
7610.0	9.921611194786518e-08
7612.09521484375	9.944668924970956e-08
7620.0	1.1065401292859676e-07
7622.09765625	1.1363520862538001e-07
7630.0	1.0708807544023373e-07
7632.1005859375	1.0530960474843097e-07
7640.0	1.0974576643824759e-07
7642.10302734375	1.1094030748723404e-07
7650.0	1.1498529137468764e-07
7652.10595703125	1.1603654280796248e-07
7660.0	1.2847146026114406e-07
7662.1083984375	1.3179775582159299e-07
7670.0	1.4334071444796384e-07
7672.111328125	1.4638566426563236e-07
7680.0	1.7051766282976638e-07
7682.11376953125	1.7697907479739765e-07
7690.0	1.9705184346467025e-07
7692.11669921875	2.0237395290900587e-07
7700.0	2.2765451720945894e-07
7702.119140625	2.344097172757833e-07
7710.0	2.545024764114438e-07
7712.1220703125	2.599296146132584e-07
7720.0	2.6912902449531833e-07
7722.12451171875	2.715449452022017e-07
7730.0	2.594217887521079e-07
7732.12744140625	2.5621375023678784e-07
7740.0	2.3980677256188366e-07
7742.1298828125	2.353440857824796e-07
7750.0	2.1821337436341803e-07
7752.1328125	2.1363804206443215e-07
7760.0	1.9844905313236172e-07
7762.13525390625	1.94309071136769e-07
7770.0	1.9011129690217232e-07
7772.13818359375	1.8897585067342078e-07
7780.0	1.770609858776767e-07
7782.140625	1.7386854976742933e-07
7790.0	1.8103681729605308e-07
7792.1435546875	1.829461248365156e-07
7800.0	1.8812358316984506e-07
7802.14599609375	1.8956518601227616e-07
7810.0	1.9462799076287141e-07
7812.14892578125	1.9596751927209652e-07
7820.0	2.0836102354829835e-07
7822.1513671875	2.1177710813497094e-07
7830.0	2.1041671858447895e-07
7832.154296875	2.10046470013952e-07
7840.0	2.326129217958154e-07
7842.1572265625	2.387857754691975e-07
7850.0	2.5892318704795155e-07
7852.15966796875	2.644912579309157e-07
7860.0	2.5973992563441843e-07
7862.16259765625	2.5838355274830483e-07
7870.0	2.618408581001776e-07
7872.1650390625	2.628415732302074e-07
7880.0	2.8143410475466603e-07
7882.16796875	2.8650046586437226e-07
7890.0	2.815201277523055e-07
7892.17041015625	2.801458650435024e-07
7900.0	2.9091803395834327e-07
7902.17333984375	2.939497866464955e-07
7910.0	2.690533912299705e-07
7912.17578125	2.6210871533078506e-07
7920.0	2.3910757882108015e-07
7922.1787109375	2.3278032689264743e-07
7930.0	1.8895583562019353e-07
7932.18115234375	1.7675006652318403e-07
7940.0	1.3428274213692142e-07
7942.18408203125	1.22480238098807e-07
7950.0	9.472161886818389e-08
7952.1865234375	8.701269006695633e-08
7960.0	5.7410423836430055e-08
7962.189453125	4.914033992526621e-08
7970.0	3.4058167630766804e-08
7972.19189453125	2.984721951789232e-08
7980.0	2.316900013121484e-08
7982.19482421875	2.1305930104881406e-08
7990.0	2.82326120445534e-08
7992.19775390625	3.0169929420043253e-08
8000.0	2.8967654695329244e-08
8002.2001953125	2.8630151490434585e-08
8010.0	3.15152514733197e-08
8012.203125	3.232044172576151e-08
8020.0	2.2090936212269142e-08
8022.20556640625	1.921388248747916e-08
8030.0	2.039465130563238e-08
8032.20849609375	2.0732017986360853e-08
8040.0	2.6472908661622943e-08
8042.2109375	2.808872976367125e-08
8050.0	2.445250093540227e-08
8052.2138671875	2.3424589713113062e-08
8060.0	2.077285122398162e-08
8062.21630859375	2.0026173019513736e-08
8070.0	2.1992578207874973e-08
8072.21923828125	2.254594722138356e-08
8080.0	2.4234810349251378e-08
8082.2216796875	2.4714214010395176e-08
8090.0	2.756670397715092e-08
8092.224609375	2.838355648458011e-08
8100.0	2.3472516229657663e-08
8102.2275390625	2.2067610578321854e-08
8110.0	1.6763436830243744e-08
8112.22998046875	1.5250121766532656e-08
8120.0	2.1034495652347418e-08
8122.23291015625	2.2691885634510503e-08
8130.0	2.0547096347709105e-08
8132.2353515625	1.9928593178366903e-08
8140.0	1.6316358436819778e-08
8142.23828125	1.5280918306168718e-08
8150.0	2.292812867660287e-08
8152.24072265625	2.5128184318217987e-08
8160.0	2.6946897583919947e-08
8162.24365234375	2.7464450155012765e-08
8170.0	3.3236407118791125e-08
8172.24609375	3.4897993566492406e-08
8180.0	2.231750880632678e-08
8182.2490234375	1.8693421583572894e-08
8190.0	1.8505860506309397e-08
8192.251953125	1.8447714320118006e-08
8200.0	2.1119912785291513e-08
8202.25390625	2.1893275404112234e-08
8210.0	2.3238594186701662e-08
8212.2568359375	2.3633098697722676e-08
8220.0	1.7403754310629106e-08
8222.259765625	1.5591206870102793e-08
8230.0	1.806255270131484e-08
8232.2626953125	1.878321618313922e-08
8240.0	1.8698043796092786e-08
8242.2646484375	1.8677053685675916e-08
8250.0	1.0730291417806788e-08
8252.267578125	8.408945097879564e-09
8260.0	1.2876135495693444e-08
8262.2705078125	1.4180899987987188e-08
8270.0	1.2114616986649273e-08
8272.2734375	1.151243002730959e-08
8280.0	2.3341073665646196e-08
8282.2763671875	2.680499107810667e-08
8290.0	2.6504877408358447e-08
8292.2783203125	2.6416651891261046e-08
8300.0	2.0220979958698693e-08
8302.28125	1.8400224571438014e-08
8310.0	1.4741622035217364e-08
8312.2841796875	1.366756036036758e-08
8320.0	2.1256518823018536e-08
8322.287109375	2.34908810063221e-08
8330.0	1.7965950799950175e-08
8332.2890625	1.6335008957852954e-08
8340.0	1.2700982035831489e-08
8342.2919921875	1.1629073789986102e-08
8350.0	1.5668659656174167e-08
8352.294921875	1.6862242793860543e-08
8360.0	1.806210289910493e-08
8362.2978515625	1.8417852576697335e-08
8370.0	2.6543051401160843e-08
8372.2998046875	2.8955623724464828e-08
8380.0	1.6113883649440953e-08
8382.302734375	1.2297387831436278e-08
8390.0	1.9066589009580812e-08
8392.3056640625	2.1080221746558126e-08
8400.0	1.9545054591262605e-08
8402.30859375	1.9090047667558643e-08
8410.0	1.681636504661414e-08
8412.310546875	1.6140065378782227e-08
8420.0	2.5020129454466594e-08
8422.3134765625	2.7675037344416163e-08
8430.0	1.758077765691995e-08
8432.31640625	1.4556857534572174e-08
8440.0	1.7631837676356192e-08
8442.3193359375	1.855617621247803e-08
8450.0	1.4211274408756551e-08
8452.322265625	1.2905697150443142e-08
8460.0	2.5475088228304195e-08
8462.32421875	2.9261524870703215e-08
8470.0	1.8533761297040792e-08
8472.3271484375	1.52947031058846e-08
8480.0	1.718982535137318e-08
8482.330078125	1.7762893076162007e-08
8490.0	2.7127576803595377e-08
8492.3330078125	2.9970771574297e-08
8500.0	6.9891800953558185e-09
8502.3349609375	1.292228574676615e-11
8510.0	1.2868373991518852e-11
8512.337890625	1.2851980942072788e-11
8520.0	5.283444114910801e-07
8522.3408203125	6.888673398425137e-07
8530.0	1.5199065137795446e-06
8532.34375	1.773188983919765e-06
8540.0	7.246392729664959e-07
8542.3466796875	4.046391864256466e-07
8550.0	9.46198467925981e-08
8552.3486328125	1.2582168873875087e-11
8560.0	7.367861683173481e-07
8562.3515625	9.61942294528723e-07
8570.0	8.790484147684236e-07
8572.3544921875	8.538574348570177e-07
8580.0	2.0050460159508558e-07
8582.357421875	1.2380594412781644e-11
8590.0	3.407836722234982e-07
8592.359375	4.4537336360636097e-07
8600.0	1.6471647601465405e-06
8602.3623046875	2.0165490345897957e-06
8610.0	1.7186432270321196e-06
8612.365234375	1.6272777580094318e-06
8620.0	1.2545491823576515e-06
8622.3681640625	1.1392451066446806e-06
8630.0	1.7733044980096029e-06
8632.3701171875	1.9699617019639833e-06
8640.0	1.8253211717935303e-06
8642.373046875	1.7805005554529589e-06
8650.0	1.8730642623789027e-06
8652.3759765625	1.9017650886000415e-06
8660.0	2.201566999907718e-06
8662.37890625	2.295226709292853e-06
8670.0	2.545327100549067e-06
8672.3818359375	2.6226222871281435e-06
8680.0	3.0140644059842066e-06
8682.3837890625	3.1360008321112275e-06
8690.0	2.1045685549888947e-06
8692.38671875	1.782720247467215e-06
8700.0	3.6184814338729315e-06
8702.3896484375	4.1921301567869705e-06
8710.0	4.8892275879198066e-06
8712.392578125	5.108532862808921e-06
8720.0	4.738283596520288e-06
8722.39453125	4.621057131731374e-06
8730.0	5.4802185786311496e-06
8732.3974609375	5.749759677876461e-06
8740.0	6.698017378095258e-06
8742.400390625	6.9959621984319266e-06
8750.0	8.481455913351929e-06
8752.4033203125	8.948939568660323e-06
8760.0	9.910947510685843e-06
8762.4052734375	1.0216337402928667e-05
8770.0	1.2684664541362674e-05
8772.408203125	1.3461088337630595e-05
8780.0	8.46448203392846e-05
8790.0	0.00017759297798489995
8800.0	0.0002696020585807853
8810.0	0.00036019024336942875
8820.0	0.0004500138379549491
8830.0	0.0005382856313173071
8840.0	0.0006263677849889273
8850.0	0.0007135090375009379
8860.0	0.000799695274413836
8870.0	0.0008849123941834507
8880.0	0.0009700828628241425
8890.0	0.0010534005408466766
8900.0	0.0011357054722888882
8910.0	0.0012169836659365481
8920.0	0.0012972202458476554
8930.0	0.0013764013080570475
8940.0	0.0014545118166530036
8950.0	0.001533026572612168
8960.0	0.001609028402891765
8970.0	0.001683923375989495
8976.4638671875	0.0017317450423651928
8978.4638671875	0.002659411468594117
8980.0	0.0019972684696758823
8980.46484375	0.0017971471713290135
8982.46484375	0.0022492672740653838
8984.4658203125	0.0031796920839195103
8986.4658203125	0.003046285492904329
8988.466796875	0.004041992937089374
8990.0	0.00463175533501331
8990.4677734375	0.004811461674109087
8992.4677734375	0.005514249141692156
8994.46875	0.006966440395487352
8996.46875	0.007963756569363952
8998.4697265625	0.01050106657848853
9000.0	0.011942234080175728
9000.4697265625	0.012383309181018307
9002.470703125	0.015200988807331377
9004.4716796875	0.020062393540512934
9006.4716796875	0.025377653205040943
9008.47265625	0.030785348862774307
9010.0	0.03553411454563998
9010.47265625	0.03700313456171518
9012.4736328125	0.04319398635889969
9014.4736328125	0.050629364268790264
9016.474609375	0.056674612323277994
9018.474609375	0.06302458748523904
9020.0	0.06621879437376652
9020.4755859375	0.06721020447527447
9022.4765625	0.07347141178476536
9024.4765625	0.0761376357275595
9026.4775390625	0.07896226538614118
9028.4775390625	0.08150597272682485
9030.0	0.08262954030458912
9030.478515625	0.0829846114707743
9032.478515625	0.08360737443288756
9034.4794921875	0.08460661220717648
9036.4794921875	0.08561845221469717
9038.48046875	0.08548641772328376
9040.0	0.08545578119458935
9040.48046875	0.0854461155417523
9042.4814453125	0.08606965646936295
9044.482421875	0.08599161783885992
9046.482421875	0.0867772969201556
9048.4833984375	0.08684484207519895
9050.0	0.08678769641629573
9050.4833984375	0.08676950073146385
9052.484375	0.08672764086035764
9054.484375	0.08596416684099097
9056.4853515625	0.08723334472909829
9058.4853515625	0.08653303661751119
9060.0	0.08670755620257908
9060.486328125	0.08676350485020332
9062.4873046875	0.08711413657830319
9064.4873046875	0.08717660998695932
9066.48828125	0.08732577854042527
9068.48828125	0.08733907337823615
9070.0	0.08710074916569055
9070.4892578125	0.08702373011324256
9072.4892578125	0.08657746850627762
9074.490234375	0.08641312579962224
9076.490234375	0.08638883347094999
9078.4912109375	0.08628602771484152
9080.0	0.086141812690528
9080.4921875	0.08609899205896335
9082.4921875	0.08597659505069176
9084.4931640625	0.08617313515358647
9086.4931640625	0.08618014216083823
9088.494140625	0.0852053635203266
9090.0	0.08430149781300138
9090.494140625	0.08400121444583414
9092.4951171875	0.08247906178814178
9094.4951171875	0.07968633809289699
9096.49609375	0.07597587929941697
9098.4970703125	0.07231762723539675
9100.0	0.06686197384702569
9100.4970703125	0.06506042227327075
9102.498046875	0.05913949521020612
9104.498046875	0.05103670041521543
9106.4990234375	0.045346234485734625
9108.4990234375	0.03619189955844778
9110.0	0.03135375450643831
9110.5	0.029744657205576484
9112.5	0.02350925366614604
9114.5009765625	0.018138001813251852
9116.501953125	0.014473683702087542
9118.501953125	0.01124711430569694
9120.0	0.00979326744915752
9120.5029296875	0.009305962277047898
9122.5029296875	0.007141780533932883
9124.50390625	0.006050124992083635
9126.50390625	0.004704908302280538
9128.5048828125	0.003986734477797817
9130.0	0.00321758669164505
9130.5048828125	0.0029582792870454754
9132.505859375	0.002352223185284656
9134.5068359375	0.002016988252483197
9136.5068359375	0.00268764418041826
9138.5078125	0.0016999552658913215
9140.0	0.0015089767068498907
9140.5078125	0.0014440913391686031
9142.5087890625	0.0010306749298507885
9144.5087890625	0.001128222669239057
9146.509765625	0.0009309048657248019
9150.0	0.0009132140284659493
9160.0	0.0008629909069639099
9170.0	0.0008134544697255378
9180.0	0.0007646101236444798
9190.0	0.0007171746728673215
9200.0	0.0006696840469876714
9210.0	0.0006225003959099937
9220.0	0.0005760918172972626
9230.0	0.0005304628631947366
9240.0	0.0004858278334216082
9250.0	0.00044194284111609454
9260.0	0.0003988136982966027
9270.0	0.00035644602265445075
9280.0	0.00031484600233467816
9290.0	0.0002740199188650502
9300.0	0.00023397414886434963
9310.0	0.00019491046963528359
9320.0	0.00015640581855752835
9330.0	0.00011870122255742186
9340.0	8.180366084369222e-05
9350.0	4.571980245223677e-05
9360.0	1.0456549811418008e-05
9362.568359375	1.5329680117120895e-06
9370.0	1.4296884450177538e-06
9372.5703125	1.3943307847912078e-06
9380.0	1.1350810206403335e-06
9382.5732421875	1.0463355353542072e-06
9390.0	8.797486550854105e-07
9392.576171875	8.226400985319188e-07
9400.0	8.044542052385018e-07
9402.5791015625	7.97959598469074e-07
9410.0	6.057600682240014e-07
9412.58203125	5.397846699600807e-07
9420.0	5.354981073407198e-07
9422.583984375	5.339949721846139e-07
9430.0	5.064728885209894e-07
9432.5869140625	4.970651563279397e-07
9440.0	2.965771994424399e-07
9442.58984375	2.2750080814813623e-07
9450.0	1.26747005120083e-07
9452.5927734375	9.199060469824936e-08
9460.0	1.7423541879522416e-07
9462.5947265625	2.0261368903780398e-07
9470.0	8.725620859465306e-08
9472.59765625	4.738692589579441e-08
9480.0	1.5933587694314249e-07
9482.6005859375	1.9805752850571337e-07
9490.0	1.7430202688514777e-07
9492.603515625	1.6606028539264357e-07
9500.0	4.276912080274289e-08
9502.6064453125	5.920120081517138e-12
9510.0	1.0630686011302253e-07
9512.6083984375	1.4343678942121974e-07
9520.0	1.1717029566052048e-07
9522.611328125	1.0797959585220225e-07
9530.0	4.648232081350131e-08
9532.6142578125	2.494235668611286e-08
9540.0	9.246801663873412e-08
9542.6171875	1.1614656152375574e-07
9550.0	8.80913999203773e-08
9552.619140625	7.823933908390788e-08
9560.0	5.530113242996516e-08
9562.6220703125	4.723674565566826e-08
9570.0	1.5149580689945445e-08
9572.625	3.8558514048619275e-09
9580.0	2.7440500560688956e-08
9582.6279296875	3.575117697670934e-08
9590.0	8.64421688914367e-08
9592.630859375	1.0432703514450162e-07
9600.0	5.8107666705135294e-08
9602.6328125	4.1786504787106315e-08
9610.0	8.375941058812248e-08
9612.6357421875	9.85557127251566e-08
9620.0	6.361604204635626e-08
9622.638671875	5.127162599074643e-08
9630.0	3.1766143669882595e-08
9632.6416015625	2.4850791522238374e-08
9640.0	6.511527107749717e-09
9642.6435546875	5.068877367997115e-12
9650.0	1.9850306358311177e-08
9652.646484375	2.6897859705009856e-08
9660.0	8.012472789103e-08
9662.6494140625	9.904972705763349e-08
9670.0	4.710961331336924e-08
9672.65234375	2.861178718370124e-08
9680.0	7.523920723490491e-09
9682.6552734375	4.809509915253713e-12
9690.0	2.9877417639953966e-08
9692.6572265625	4.053603450033836e-08
9700.0	2.1917186269199144e-08
9702.66015625	1.526408308342406e-08
9710.0	2.074632001561798e-08
9712.6630859375	2.2706055395518805e-08
9720.0	5.99129926694035e-09
9722.666015625	4.545963267287123e-12
9730.0	4.497207114397071e-12
9732.66796875	4.479430719348771e-12
9740.0	3.184858380546118e-08
9742.6708984375	4.327349688742563e-08
9750.0	2.479283908255026e-08
9752.673828125	1.815134217650012e-08
9760.0	3.5281701076221734e-08
9762.6767578125	4.1441036292884596e-08
9770.0	1.0976467082678201e-08
9772.6796875	4.21069862259337e-12
9780.0	6.32136276840189e-08
9782.681640625	8.59910573128015e-08
9790.0	3.6887053459872516e-08
9792.6845703125	1.9167291730021598e-08
9800.0	1.9779166921432418e-08
9802.6875	1.999536559182622e-08
9810.0	5.311433872739869e-09
9812.6904296875	3.93502785630308e-12
9820.0	2.1050260643550437e-08
9822.6923828125	2.8660499920615398e-08
9830.0	2.2309211642815665e-08
9832.6953125	2.0009656526149012e-08
9840.0	5.3276768164657946e-09
9842.6982421875	3.7233956147181005e-12
9850.0	7.617005577985551e-10
9852.701171875	1.036742673122537e-09
9860.0	3.218901261958355e-08
9862.703125	4.350070534969089e-08
9870.0	3.083419712893233e-08
9872.7060546875	2.622564812266965e-08
9880.0	7.000711573710683e-09
9882.708984375	3.4417866079565696e-12
9890.0	1.650453476321964e-08
9892.7119140625	2.2513580065957186e-08
9900.0	1.5705263069227783e-08
9902.71484375	1.3216733531701261e-08
9910.0	3.5331396183900993e-09
9912.716796875	3.224962039551193e-12
9920.0	3.1729624671794238e-12
9922.7197265625	3.1535098827895072e-12
9930.0	3.1013887606411564e-12
9932.72265625	3.0818627391255055e-12
9940.0	3.029623407046652e-12
9942.7255859375	3.010026296792908e-12
9950.0	1.5430413563403226e-08
9952.7275390625	2.1073888792355122e-08
9960.0	5.6518276525578025e-09
9962.73046875	2.8658024668148935e-12
9970.0	2.81321882140996e-12
9972.7333984375	2.793416089073749e-12
9980.0	7.707409915878396e-09
9982.736328125	1.0531775420067684e-08
9990.0	2.8300546444690614e-09
9992.7392578125	2.6481180515230987e-12
10000.0	1.8774928351747438e-09
10002.7412109375	2.5683056467233726e-09
10010.0	6.940389585979176e-10
10012.744140625	2.5157281472707858e-12
10020.0	1.1829042356421897e-08
10022.7470703125	1.619341192368104e-08
10030.0	4.371499331041262e-09
10032.75	2.3901761897503857e-12
10040.0	1.6910213178626052e-08
10042.751953125	2.3157206495709998e-08
10050.0	6.255394748315349e-09
10052.7548828125	2.2635508758396373e-12
10060.0	1.9571161335439452e-08
10062.7578125	2.681043917795565e-08
10070.0	1.7845965476647004e-08
10072.759765625	1.4522624579720076e-08
10080.0	1.5211442453676235e-08
10082.7626953125	1.546293597629177e-08
10090.0	4.183776151163814e-09
10092.765625	2.0140419209543344e-12
10100.0	1.9689443428819573e-12
10102.7685546875	1.9516832157131486e-12
10110.0	8.914753703867724e-09
10112.771484375	1.221892273809155e-08
10120.0	6.3708805181026934e-09
10122.7744140625	4.197109218336361e-09
10130.0	6.226200589692966e-09
10132.77734375	6.97870911881197e-09
10140.0	1.2270805848158643e-08
10142.779296875	1.423099927166634e-08
10150.0	8.404354088911322e-09
10152.7822265625	6.2381717055063224e-09
10160.0	3.619889825116921e-09
10162.78515625	2.6463993032795193e-09
10170.0	7.177597059989492e-10
10172.7880859375	1.514110016320056e-12
10180.0	1.4693478099002795e-12
10182.7900390625	1.4520348662092756e-12
10190.0	1.2525720366237696e-08
10192.79296875	1.7163477570220214e-08
10200.0	4.644122448547631e-09
10202.7958984375	1.335166927112575e-12
10210.0	1.3090324854593502e-12
10212.7978515625	1.2992974148333213e-12
10220.0	1.2742502148252124e-12
10222.80078125	1.2645102812034693e-12
10230.0	6.374631451182996e-09
10232.8037109375	8.787102506293628e-09
10240.0	5.2798339568262865e-09
10242.806640625	3.949402070583631e-09
10250.0	4.4211713485411135e-09
10252.80859375	4.598956947809368e-09
10260.0	2.8812751460373995e-09
10262.8115234375	2.2290810927654414e-09
10270.0	6.142425173182886e-10
10272.8154296875	1.0905793882296806e-12
10280.0	1.5111518548397524e-09
10282.8173828125	2.084078150202622e-09
10290.0	5.745180277080738e-10
10292.8203125	1.0205405158696098e-12
10300.0	1.727160161991909e-09
10302.8232421875	2.382387457154016e-09
10310.0	5.427905706376201e-09
10312.826171875	6.583341867656712e-09
10320.0	1.813785688398101e-09
10322.828125	9.170357953218028e-13
10330.0	3.3176242350528084e-09
10332.8310546875	4.576368159055585e-09
10340.0	3.0380192751496796e-09
10342.833984375	2.4514769152315017e-09
10350.0	6.749586532812358e-10
10352.8359375	8.129334769341808e-13
10360.0	8.901488610827402e-09
10362.8388671875	1.2275201925319885e-08
10370.0	3.3780781950426998e-09
10372.841796875	7.444113365514697e-13
10380.0	7.199335913690239e-13
10382.84375	7.102148707461965e-13
10390.0	9.486084297359537e-10
10392.8466796875	1.3068982548153442e-09
10400.0	9.918334513054688e-10
10402.849609375	8.780294483116625e-10
10410.0	1.1458506128012062e-09
10412.8525390625	1.2498284064643422e-09
10420.0	1.1496976882330038e-09
10422.85546875	1.1105540971031284e-09
10430.0	1.349084536311969e-09
10432.8583984375	1.4414665639024284e-09
10440.0	1.5047235734091535e-09
10442.861328125	1.528947707098122e-09
10450.0	4.286315244494344e-10
10452.86328125	5.582643187820786e-13
10460.0	2.9451958037961807e-10
10462.8662109375	4.0881248639640703e-10
10470.0	1.379314933071759e-09
10472.869140625	1.7566761977133117e-09
10480.0	1.510223921970206e-09
10482.8720703125	1.4137753640538228e-09
10490.0	2.292133752796403e-09
10492.8740234375	2.6333770528470214e-09
10500.0	4.491880295323377e-09
10502.876953125	5.212254501129957e-09
10510.0	1.4605397345675024e-09
10512.8798828125	4.5321939268222874e-13
10520.0	1.174193742280793e-09
10522.8818359375	1.630701156953128e-09
10530.0	1.0785582230551928e-09
10532.884765625	8.631357079086913e-10
10540.0	2.4218948811183284e-10
10542.8876953125	4.015921555056849e-13
10550.0	2.0727089909837488e-09
10552.890625	2.876896142328959e-09
10560.0	8.052488531926174e-10
10562.892578125	3.6688289141449785e-13
10570.0	3.547433150417002e-13
10572.896484375	3.497998057870637e-13
10580.0	1.328380762874438e-09
10582.8994140625	1.843078512951911e-09
10590.0	1.5784506404286638e-09
10592.9013671875	1.4746293123778398e-09
10600.0	4.1637641147625274e-10
10602.904296875	6.417920499226903e-12
10610.0	2.043069480698584e-12
10612.9072265625	2.9423475080044256e-13
10620.0	3.1854533999921636e-11
10622.91015625	4.4489885861307504e-11
10630.0	3.921022297657916e-10
10632.912109375	5.313359967254097e-10
10640.0	4.98357957995507e-10
10642.9150390625	4.848785874725472e-10
10650.0	1.6533878040189426e-09
10652.91796875	2.1222120012853325e-09
10660.0	1.164687225425602e-09
10662.919921875	7.799922370484785e-10
10670.0	2.237694156394323e-10
10672.9228515625	2.520553870108887e-13
10680.0	2.471533049241955e-13
10682.92578125	2.4512865196457013e-13
10690.0	2.402379412755232e-13
10692.9287109375	2.381327400031759e-13
10700.0	1.0151257342123457e-09
10702.9306640625	1.4233124552754877e-09
10710.0	6.846261822510728e-10
10712.93359375	3.8704101733027125e-10
10720.0	1.1131816166603178e-10
10722.9365234375	2.172980613652776e-13
10730.0	2.124583375148359e-13
10732.939453125	2.1037273905847278e-13
10740.0	3.5915387955138347e-10
10742.9423828125	5.037670842120262e-10
10750.0	2.2701550305614096e-10
10752.9453125	1.1531731963251407e-10
10760.0	3.3937296007869987e-10
10762.9482421875	4.296484363070417e-10
10770.0	1.236625628255282e-10
10772.9501953125	1.8289216351230284e-13
10780.0	3.782856502296648e-11
10782.953125	5.299885115194705e-11
10790.0	5.477503391573049e-10
10792.9560546875	7.4708614069585e-10
10800.0	2.148614635842796e-10
10802.9580078125	1.629588069714691e-13
10810.0	1.5977407006275625e-10
10812.9609375	2.246622695380316e-10
10820.0	6.51119514846106e-11
10822.9638671875	1.525985880061509e-13
10830.0	6.402713445607608e-10
10832.966796875	9.010100067509212e-10
10840.0	2.6109028596838893e-10
10842.96875	1.4242581953730975e-13
10850.0	1.0363293326300142e-10
10852.9716796875	1.4578482703193691e-10
10860.0	2.963940675167021e-10
10862.974609375	3.576837158238333e-10
10870.0	1.0369837474446906e-10
10872.9765625	1.2721879050022694e-13
10880.0	1.237014668857348e-13
10882.98046875	1.2216613060964537e-13
10890.0	1.459652753712065e-10
10892.9833984375	2.0534294014927012e-10
10900.0	5.955357625787462e-11
10902.986328125	1.1208893421226019e-13
10910.0	2.2458917066621796e-10
10912.98828125	3.1585703999218545e-10
10920.0	4.741306788177407e-10
10922.9912109375	5.380196289958597e-10
10930.0	1.555089506073663e-10
10932.994140625	9.70880895772714e-14
10940.0	9.3631000392534e-14
10942.99609375	9.21541613519403e-14
10950.0	1.6236159226160392e-10
10952.9990234375	2.27905568550164e-10
10960.0	2.5377668719911326e-10
10963.001953125	2.640775555865438e-10
10970.0	2.1228775303084395e-10
10973.0048828125	1.911427507285227e-10
10980.0	2.988885372336931e-10
10983.0068359375	3.417778862898891e-10
10990.0	3.2211131020671035e-10
10993.009765625	3.1386206471927117e-10
11000.0	8.979769937934907e-11
11003.0126953125	6.308821953138228e-14
11006.0263671875	0.0
