WAVELENGTH	THROUGHPUT
1989.95361328125	0.0
1990.0	1.089165603561088e-08
1990.04638671875	1.08932844001293e-08
2000.0	1.2504051376154752e-08
2000.0482177734375	1.2510783222675132e-08
2010.0	1.0168507824427014e-08
2010.0499267578125	1.0156612468393265e-08
2020.0	7.919770267555709e-09
2020.0517578125	7.907955049482966e-09
2030.0	1.1538619900288006e-08
2030.053466796875	1.155838505776148e-08
2040.0	9.80309044587147e-09
2040.0552978515625	9.793212953302689e-09
2050.0	9.169580752916483e-09
2050.05712890625	9.166057998529995e-09
2060.0	8.475387310008342e-09
2060.05908203125	8.471218963594834e-09
2070.0	1.0991570443529545e-08
2070.060791015625	1.1007101022575099e-08
2080.0	1.0620129054042616e-08
2080.062744140625	1.06177059486415e-08
2090.0	1.2179856997964004e-08
2090.064697265625	1.2190134206229628e-08
2100.0	1.106146147235736e-08
2100.066650390625	1.1055360601296183e-08
2110.0	9.903493703734728e-09
2110.068603515625	9.895209466463104e-09
2120.0	1.4885371630957056e-08
2120.070556640625	1.492181012815272e-08
2130.0	7.555864089175501e-09
2130.072509765625	7.500373221980367e-09
2140.0	1.2117032409342223e-08
2140.07470703125	1.2152814255269806e-08
2150.0	1.1522234549116606e-08
2150.07666015625	1.1517135135873605e-08
2160.0	1.2113039879558883e-08
2160.07861328125	1.2117738069421832e-08
2170.0	1.593867274858679e-08
2170.080810546875	1.5970735702499602e-08
2180.0	1.2505993162958418e-08
2180.082763671875	1.2476130288015391e-08
2190.0	1.559894915007877e-08
2190.084716796875	1.5626307030282992e-08
2200.0	1.926971729469906e-08
2200.0869140625	1.930282180097046e-08
2210.0	2.3070060577318592e-08
2210.089111328125	2.310497308035031e-08
2220.0	1.6646447575286582e-08
2220.091064453125	1.6585120720637766e-08
2230.0	1.6500955228140885e-08
2230.09326171875	1.6499192546855177e-08
2240.0	2.0017683651189327e-08
2240.095458984375	2.0052091414328862e-08
2250.0	1.7096083850853588e-08
2250.097412109375	1.706638594112855e-08
2260.0	1.6673498325979465e-08
2260.099609375	1.666933651683546e-08
2270.0	1.919541721858829e-08
2270.101806640625	1.9221846845653652e-08
2280.0	1.603303016881126e-08
2280.10400390625	1.599852458871564e-08
2290.0	2.7227572919962808e-08
2290.106201171875	2.7350653584192208e-08
2300.0	1.7082944055806296e-08
2300.1083984375	1.6966936989489772e-08
2310.0	1.0127033454122948e-08
2310.110595703125	1.0049389223357375e-08
2320.0	1.848664621886446e-08
2320.11279296875	1.8583990253296418e-08
2330.0	2.2529032703693125e-08
2330.114990234375	2.2575674859477713e-08
2340.0	2.0189371911677035e-08
2340.1171875	2.0160616968242006e-08
2350.0	2.0637258878293414e-08
2350.119384765625	2.0643021396841432e-08
2360.0	2.519002116903562e-08
2360.12158203125	2.524634125400655e-08
2370.0	2.8974297429648708e-08
2370.123779296875	2.9021815878295028e-08
2380.0	2.0341689152487498e-08
2380.126220703125	2.022927170511702e-08
2390.0	1.8794569958920056e-08
2390.12841796875	1.8775395569649732e-08
2400.0	2.471048633795436e-08
2400.130615234375	2.478599759249643e-08
2410.0	1.7634094264968765e-08
2410.1328125	1.753789289016459e-08
2420.0	3.010064594306707e-08
2420.13525390625	3.027268126582849e-08
2430.0	2.3760300480742703e-08
2430.137451171875	2.3668854627771072e-08
2440.0	2.0792808249972884e-08
2440.139892578125	2.0752399539261274e-08
2450.0	2.1296158439893285e-08
2450.14208984375	2.1303960369738316e-08
2460.0	2.3987269441666614e-08
2460.144287109375	2.4026113604346777e-08
2470.0	1.8045128678129543e-08
2470.146728515625	1.795662965055683e-08
2480.0	2.304573843731113e-08
2480.14892578125	2.312245683930764e-08
2490.0	1.6525529140849324e-08
2490.1513671875	1.6424194705811347e-08
2500.0	2.3188545702228622e-08
2500.153564453125	2.3292751620095945e-08
2510.0	2.1673622591713068e-08
2510.156005859375	2.1648116339634308e-08
2520.0	2.0623004941309385e-08
2520.158203125	2.0606322726113643e-08
2530.0	2.5676021819108952e-08
2530.16064453125	2.57585627533786e-08
2540.0	2.7530331395120606e-08
2540.1630859375	2.7559506070338322e-08
2550.0	1.6812876264180216e-08
2550.165283203125	1.663315872452031e-08
2560.0	2.0085559688029346e-08
2560.167724609375	2.0144316646690924e-08
2570.0	2.5534585970305656e-08
2570.169921875	2.5627142888451493e-08
2580.0	2.882356277600607e-08
2580.17236328125	2.8878784020952204e-08
2590.0	2.1133963522214603e-08
2590.1748046875	2.0997528437610843e-08
2600.0	2.246007222745333e-08
2600.177001953125	2.2484315997908814e-08
2610.0	2.3404857779433733e-08
2610.179443359375	2.3421041788641558e-08
2620.0	2.4159541836336604e-08
2620.181884765625	2.4173388058484835e-08
2630.0	1.816994087943995e-08
2630.184326171875	1.8058644997148903e-08
2640.0	2.62024233783919e-08
2640.1865234375	2.6354904041386595e-08
2650.0	2.314962116386894e-08
2650.18896484375	2.30889952405244e-08
2660.0	2.0445075907726606e-08
2660.19140625	2.0394035598683905e-08
2670.0	2.601947351113826e-08
2670.19384765625	2.6128785523442518e-08
2680.0	1.9941692665988656e-08
2680.1962890625	1.981973753422658e-08
2690.0	2.2447837925079084e-08
2690.198486328125	2.2500316402266767e-08
2700.0	1.7318746655435338e-08
2700.200927734375	1.721773401608298e-08
2710.0	1.7419555524948504e-08
2710.20361328125	1.742406855595872e-08
2720.0	1.6503457348389038e-08
2720.205810546875	1.6484123504923685e-08
2730.0	2.2371996476100738e-08
2730.208251953125	2.2496722442780213e-08
2740.0	2.1963690833374674e-08
2740.210693359375	2.195265890486231e-08
2750.0	1.8714385776935427e-08
2750.213134765625	1.8643545268728742e-08
2760.0	1.8908901867458712e-08
2760.215576171875	1.8915111628437818e-08
2770.0	2.0255538336917474e-08
2770.218017578125	2.0285395979452304e-08
2780.0	2.316151892494079e-08
2780.220458984375	2.3225851262217532e-08
2790.0	1.884613212934622e-08
2790.222900390625	1.874681231943184e-08
2800.0	2.5660413071342087e-08
2800.225341796875	2.5822646021735486e-08
2810.0	2.7175402614690906e-08
2810.227783203125	2.7206508234040245e-08
2820.0	3.333465970400407e-08
2820.230224609375	3.348027523263745e-08
2830.0	3.5256888105546314e-08
2830.232666015625	3.5297777014322217e-08
2840.0	3.762715307606648e-08
2840.235107421875	3.768417408670837e-08
2850.0	4.241449258171905e-08
2850.237548828125	4.252997767520068e-08
2860.0	5.666476654306855e-08
2860.239990234375	5.701225554789069e-08
2870.0	5.1450700868063954e-08
2870.242431640625	5.131329270256179e-08
2880.0	5.8648476349955695e-08
2880.244873046875	5.8831906541540506e-08
2890.0	7.666380901087623e-08
2890.247314453125	7.711882588039042e-08
2900.0	8.762536565175553e-08
2900.25	8.790467112761134e-08
2910.0	1.227874363897875e-07
2910.252197265625	1.2369372954247068e-07
2920.0	1.755252956733991e-07
2920.2548828125	1.7689360220197208e-07
2930.0	2.2970857664632304e-07
2930.25732421875	2.3110815922217362e-07
2940.0	3.0146530662814294e-07
2940.259765625	3.0336048611134174e-07
2950.0	3.596375844992305e-07
2950.26220703125	3.61163501598185e-07
2960.0	4.049819280657642e-07
2960.2646484375	4.0617152156580017e-07
2970.0	4.4504870283632066e-07
2970.26708984375	4.4613240568969544e-07
2980.0	5.082148053021951e-07
2980.269775390625	5.099352856103745e-07
2990.0	5.764995191479912e-07
2990.272216796875	5.783872322228027e-07
3000.0	6.943860823668176e-07
3000.274658203125	6.97542221418217e-07
3010.0	7.938549216790748e-07
3010.277099609375	7.966183766691601e-07
3020.0	8.656092115573066e-07
3020.27978515625	8.675957042047867e-07
3030.0	9.583598941011002e-07
3030.2822265625	9.609713248261942e-07
3040.0	9.799152660062753e-07
3040.28466796875	9.804948329535525e-07
3050.0	9.99303028302312e-07
3050.287109375	9.998334207886635e-07
3060.0	9.955792046000896e-07
3060.289794921875	9.954780036464877e-07
3070.0	9.65109346037434e-07
3070.292236328125	9.64169424831056e-07
3080.0	9.666848897721969e-07
3080.294677734375	9.667864905688721e-07
3090.0	9.59766264208233e-07
3090.297119140625	9.595255342871719e-07
3100.0	1.0200471181420603e-06
3100.2998046875	1.0219438724703758e-06
3110.0	1.1062538384803847e-06
3110.30224609375	1.1088823554633905e-06
3120.0	1.2584031140246332e-06
3120.3046875	1.2630693115970197e-06
3130.0	1.3667503565298527e-06
3130.30712890625	1.3700712537266306e-06
3140.0	1.4045897333508345e-06
3140.309814453125	1.4056549112213369e-06
3150.0	1.3264671777143613e-06
3150.312255859375	1.3239527914486142e-06
3160.0	1.1863187189784451e-06
3160.314697265625	1.1818117440497745e-06
3170.0	1.101106105050227e-06
3170.3173828125	1.0984930484016793e-06
3180.0	1.0751738521945142e-06
3180.31982421875	1.0743725010957735e-06
3190.0	1.1195345042786055e-06
3190.322509765625	1.1210707231927673e-06
3200.0	1.2433942523441365e-06
3200.324951171875	1.2474223042330153e-06
3210.0	1.293963296516687e-06
3210.327392578125	1.2955735057924964e-06
3220.0	1.2332983233866628e-06
3220.330078125	1.2311382415688354e-06
3230.0	1.0774193465092099e-06
3230.33251953125	1.0721724008756202e-06
3240.0	8.953843483929889e-07
3240.3349609375	8.892358684378634e-07
3250.0	8.09650240971807e-07
3250.337646484375	8.068979894411216e-07
3260.0	8.363625757567925e-07
3260.340087890625	8.373737854061237e-07
3270.0	9.612928826959812e-07
3270.342529296875	9.657098485780666e-07
3280.0	1.1585447901568297e-06
3280.34521484375	1.1653983721920792e-06
3290.0	1.2864810526971157e-06
3290.34765625	1.2908744522642424e-06
3300.0	1.328300284043577e-06
3300.350341796875	1.3296167873012163e-06
3310.0	1.2553092996849846e-06
3310.352783203125	1.2526357666521804e-06
3320.0	1.1668481637613879e-06
3320.355224609375	1.1636545707459562e-06
3330.0	1.1270477094373065e-06
3330.35791015625	1.1257267631927632e-06
3340.0	1.1474383023945694e-06
3340.3603515625	1.148212717601244e-06
3350.0	1.2448174722214676e-06
3350.363037109375	1.2484903514572356e-06
3360.0	1.3809954306508895e-06
3360.365478515625	1.3859732314556539e-06
3370.0	1.5157836946769103e-06
3370.3681640625	1.5207865265862556e-06
3380.0	1.5241817229130538e-06
3380.37060546875	1.5242628314646724e-06
3390.0	1.3791380486960174e-06
3390.373291015625	1.3735654922897965e-06
3400.0	1.2358699575177913e-06
3400.375732421875	1.2302202557087874e-06
3410.0	1.091452131651705e-06
3410.37841796875	1.0860663166601602e-06
3420.0	1.0144464649859895e-06
3420.380859375	1.011592682455224e-06
3430.0	1.0348495819899253e-06
3430.38330078125	1.0358011436696582e-06
3440.0	1.1477064029362905e-06
3440.385986328125	1.152130794933851e-06
3450.0	1.3794453824665728e-06
3450.388671875	1.3886175474897017e-06
3460.0	1.5741834215583686e-06
3460.39111328125	1.581632614161199e-06
3470.0	1.6262902907491235e-06
3470.393798828125	1.628105209578301e-06
3480.0	1.5206314228454763e-06
3480.396240234375	1.5162792798705395e-06
3490.0	1.3632807452827833e-06
3490.398681640625	1.3569187919466501e-06
3500.0	1.1445760194095169e-06
3500.4013671875	1.1357999663979431e-06
3510.0	9.974581771765363e-07
3510.404052734375	9.916341546422866e-07
3520.0	8.92348798367731e-07
3520.406494140625	8.882030413410673e-07
3530.0	9.074637882232806e-07
3530.4091796875	9.082460123687215e-07
3540.0	1.045946867401931e-06
3540.41162109375	1.051849794024323e-06
3550.0	1.241724985490056e-06
3550.414306640625	1.249829025267176e-06
3560.0	1.4042563091815688e-06
3560.416748046875	1.4109178709517884e-06
3570.0	1.5528953174723632e-06
3570.41943359375	1.5591171078261846e-06
3580.0	1.5385929085046924e-06
3580.422119140625	1.5376348757907551e-06
3590.0	1.4484357645909634e-06
3590.424560546875	1.44456181205994e-06
3600.0	1.3215001127773365e-06
3600.427001953125	1.3165476861897087e-06
3610.0	1.2368525126136128e-06
3610.4296875	1.2333138399447857e-06
3620.0	1.1536820415844246e-06
3620.432373046875	1.1500297810829107e-06
3630.0	1.1687794962243217e-06
3630.434814453125	1.1696256488772725e-06
3640.0	1.2444724231275254e-06
3640.4375	1.2479503316733392e-06
3650.0	1.4097920750223123e-06
3650.440185546875	1.4172089070025703e-06
3660.0	1.607871786330888e-06
3660.442626953125	1.6167797727925764e-06
3670.0	1.859839497887766e-06
3670.4453125	1.8711242580997505e-06
3680.0	1.872568984920313e-06
3680.44775390625	1.8726366428386738e-06
3690.0	1.8879463698492119e-06
3690.450439453125	1.8887434313208456e-06
3700.0	1.899265127338205e-06
3700.452880859375	1.8996902592090513e-06
3710.0	1.787826291873995e-06
3710.45556640625	1.7825479549479757e-06
3720.0	1.6854573656002584e-06
3720.458251953125	1.6807149802507793e-06
3730.0	1.5817184237890047e-06
3730.460693359375	1.576929001244462e-06
3740.0	1.5434706789614888e-06
3740.46337890625	1.5419037075832542e-06
3750.0	1.5930455861241714e-06
3750.4658203125	1.5954857383710745e-06
3760.0	1.7196591984951738e-06
3760.468505859375	1.725842959660471e-06
3770.0	1.8525990413927909e-06
3770.47119140625	1.8588062697948143e-06
3780.0	2.0492458726786536e-06
3780.4736328125	2.058729897388737e-06
3790.0	2.1689846979361884e-06
3790.476318359375	2.1745973363553138e-06
3800.0	2.2158675414821495e-06
3800.47900390625	2.2182721663659102e-06
3810.0	2.264345645673473e-06
3810.4814453125	2.2666848193742458e-06
3820.0	2.233687094252743e-06
3820.484130859375	2.232088682015538e-06
3830.0	2.169889508101684e-06
3830.48681640625	2.1665901320403106e-06
3840.0	2.1004504516564022e-06
3840.4892578125	2.09711448628121e-06
3850.0	2.03704456829616e-06
3850.491943359375	2.0338258352503797e-06
3860.0	2.0403055691479215e-06
3860.494384765625	2.04064064805399e-06
3870.0	2.0852118872762073e-06
3870.4970703125	2.0876419708417493e-06
3880.0	2.1397094873486255e-06
3880.499755859375	2.1423683181642554e-06
3890.0	2.31292505029961e-06
3890.502197265625	2.3219866683732805e-06
3900.0	2.382970541284297e-06
3900.5048828125	2.386329790113681e-06
3910.0	2.5416142866207014e-06
3910.507568359375	2.549850088495307e-06
3920.0	2.6099475914372657e-06
3920.510009765625	2.613189252816743e-06
3930.0	2.592341239548221e-06
3930.5126953125	2.5913188166802404e-06
3940.0	2.672412016352877e-06
3940.515380859375	2.6767195679174325e-06
3950.0	2.573616875472733e-06
3950.51806640625	2.5679497105390083e-06
3960.0	2.5135009797005805e-06
3960.5205078125	2.510603971671301e-06
3970.0	2.516069454458671e-06
3970.523193359375	2.51625324020843e-06
3980.0	2.435263107771765e-06
3980.52587890625	2.4307403217958005e-06
3990.0	2.4192673220320845e-06
3990.5283203125	2.418729274198734e-06
4000.0	2.5344231783560455e-06
4000.531005859375	2.540323969581344e-06
4010.0	2.6053453161211633e-06
4010.53369140625	2.6090129193201356e-06
4020.0	2.758288378280384e-06
4020.5361328125	2.7668798769351976e-06
4030.0	2.9421234115429503e-06
4030.538818359375	2.9520832429951935e-06
4040.0	3.137312691195666e-06
4040.54150390625	3.147932766846115e-06
4050.0	3.4561825047216006e-06
4050.544189453125	3.474111893420454e-06
4060.0	3.839472459188166e-06
4060.546630859375	3.860467593956976e-06
4070.0	4.178401598428861e-06
4070.54931640625	4.196908619356658e-06
4080.0	4.635729482947706e-06
4080.552001953125	4.661627958254273e-06
4090.0	5.1338668042963205e-06
4090.5546875	5.161418189285162e-06
4100.0	5.605148630544436e-06
4100.55712890625	5.631367296076592e-06
4110.0	6.193346293037217e-06
4110.5595703125	6.227005334624221e-06
4120.0	6.571696061015768e-06
4120.5625	6.591965776547991e-06
4130.0	6.998466032040174e-06
4130.56494140625	7.022840103572878e-06
4140.0	7.482395331880435e-06
4140.56787109375	7.510101955845498e-06
4150.0	7.808857700712363e-06
4150.5703125	7.827333909776771e-06
4160.0	8.200387227215234e-06
4160.57275390625	8.222697755191067e-06
4170.0	8.429881994072322e-06
4170.57568359375	8.442551033406497e-06
4180.0	8.593648951214545e-06
4180.578125	8.60335567964099e-06
4190.0	8.647041980827572e-06
4190.58056640625	8.649304006331363e-06
4200.0	8.5529895786737e-06
4200.58349609375	8.547007460621752e-06
4210.0	8.452039322062824e-06
4210.5859375	8.446114404625845e-06
4220.0	8.20261119995793e-06
4220.58837890625	8.187775023982757e-06
4230.0	8.026416015239243e-06
4230.59130859375	8.015658489371085e-06
4240.0	8.102960898257765e-06
4240.59375	8.108473201793755e-06
4250.0	8.838526445041498e-06
4250.5966796875	8.8853507183132e-06
4260.0	9.181597974079555e-06
4270.0	9.489746575142482e-06
4280.0	9.798644080229628e-06
4290.0	1.0108271091826676e-05
4300.0	1.0427525828934175e-05
4301.009765625	1.0458927845066338e-05
4301.2099609375	1.3858443661593612e-05
4301.40966796875	1.0197990514315797e-05
4301.60986328125	8.106308280747242e-06
4301.81005859375	6.799017939408644e-06
4302.009765625	1.33368850819404e-05
4302.2099609375	6.537860698834325e-06
4302.41015625	7.061075598429807e-06
4302.6103515625	1.4122522721841689e-05
4302.81005859375	5.492236522489977e-06
4303.01025390625	8.63088436400823e-06
4303.21044921875	9.415758264363954e-06
4303.41015625	8.108226265884294e-06
4303.6103515625	1.150875358936103e-05
4303.810546875	1.621730566565498e-05
4304.0107421875	1.4909850957807233e-05
4304.21044921875	9.155412157373558e-06
4304.41064453125	1.1509963752049038e-05
4304.61083984375	9.155893766242852e-06
4304.81103515625	9.940945445104316e-06
4305.0107421875	1.5435031527539006e-05
4305.2109375	1.5173819752511532e-05
4305.4111328125	1.1773101226921919e-05
4305.61083984375	1.4128091088977535e-05
4305.81103515625	9.942251396808158e-06
4306.01123046875	8.110997398335827e-06
4306.2109375	1.2297640274548425e-05
4306.4111328125	1.1251329850005175e-05
4306.611328125	1.3606616163582648e-05
4306.8115234375	1.0728576122400327e-05
4307.01123046875	9.158781080656779e-06
4307.21142578125	1.3084315688608037e-05
4307.41162109375	1.0467728361187652e-05
4307.611328125	9.944602501028693e-06
4307.8115234375	6.019259784497883e-06
4308.01171875	7.327987318539848e-06
4308.2119140625	1.230087237979183e-05
4308.41162109375	1.0730830758601167e-05
4308.61181640625	1.3610191241109967e-05
4308.81201171875	8.637464240603315e-06
4309.01171875	1.3087409257932775e-05
4309.2119140625	1.2040733449398822e-05
4309.412109375	1.2041049939234141e-05
4309.61181640625	1.4397285199927515e-05
4309.81201171875	1.4659439442110435e-05
4310.0	1.2201602626286363e-05
4310.01220703125	1.2041998567934455e-05
4310.21240234375	1.17805253542739e-05
4310.412109375	1.4136998703957514e-05
4310.6123046875	1.3090155859515996e-05
4310.8125	1.0996019730781666e-05
4311.01220703125	1.6232642973725545e-05
4311.21240234375	1.3091183322848804e-05
4311.41259765625	1.4400679402569385e-05
4311.61279296875	2.277985299692834e-05
4311.8125	1.5710653347023103e-05
4312.0126953125	1.3354404766163915e-05
4312.212890625	1.4402186657694022e-05
4312.41259765625	1.3093238252636051e-05
4312.61279296875	2.094973083921242e-05
4312.81298828125	1.4141438253873935e-05
4313.0126953125	1.5189349360917242e-05
4313.212890625	2.278461995421797e-05
4313.4130859375	1.8856731899382036e-05
4313.61328125	2.2262000743933884e-05
4313.81298828125	2.3572147334365195e-05
4314.01318359375	2.0953567163945025e-05
4314.21337890625	1.6501365903911855e-05
4314.4130859375	1.8073396188574245e-05
4314.61328125	2.3836551007905806e-05
4314.8134765625	1.3359296080789222e-05
4315.013671875	2.619538345890976e-05
4315.21337890625	2.1218814875093593e-05
4315.41357421875	2.907839622091724e-05
4315.61376953125	2.5149542313975068e-05
4315.8134765625	2.7508028078634712e-05
4316.013671875	2.724676068171254e-05
4316.2138671875	2.8819444088303884e-05
4316.41357421875	2.620017721185291e-05
4316.61376953125	2.9868985509165678e-05
4316.81396484375	3.5634108735398416e-05
4317.01416015625	2.8298413664435567e-05
4317.2138671875	3.458785385855226e-05
4317.4140625	3.53748622585995e-05
4317.6142578125	4.1926864463025046e-05
4317.81396484375	3.9307461992186384e-05
4318.01416015625	3.7736151980152075e-05
4318.21435546875	4.2454277527603116e-05
4318.4140625	4.245538539600704e-05
4318.6142578125	4.035987779460418e-05
4318.814453125	4.874762159098166e-05
4319.0146484375	4.350708106246264e-05
4319.21484375	5.006066200812662e-05
4319.41455078125	5.137248856692028e-05
4319.61474609375	5.189805731018598e-05
4319.81494140625	5.2685772870897165e-05
4320.0	5.0500963938414015e-05
4320.0146484375	5.032801940970142e-05
4320.21484375	6.343592982175276e-05
4320.4150390625	6.396186884757568e-05
4320.61474609375	5.8458479296564136e-05
4320.81494140625	5.95086187050582e-05
4321.01513671875	6.553983823420587e-05
4321.21533203125	6.894971572116221e-05
4321.4150390625	6.554326202210663e-05
4321.615234375	7.000204174013369e-05
4321.8154296875	7.210136745257529e-05
4322.01513671875	7.65605347035022e-05
4322.21533203125	7.446493190312179e-05
4322.41552734375	8.364413463923693e-05
4322.61572265625	9.020168029611764e-05
4322.8154296875	9.413734107520333e-05
4323.015625	0.00010095773235827795
4323.2158203125	9.964919258955904e-05
4323.41552734375	0.00010332318126701157
4323.61572265625	0.00010542387091994781
4323.81591796875	0.00011093397946998011
4324.015625	0.00012090282772972251
4324.2158203125	0.0001219550687683057
4324.416015625	0.00012615468017702827
4324.6162109375	0.00013612471474031026
4324.81591796875	0.00014347237056211575
4325.01611328125	0.00014609907982509747
4325.21630859375	0.0001547589187134074
4325.416015625	0.00015476295387835894
4325.6162109375	0.00016683356553337674
4325.81640625	0.00016972349204159807
4326.01611328125	0.00018651708538775137
4326.21630859375	0.00019386739295976826
4326.41650390625	0.00020331686439412793
4326.61669921875	0.00021381622266160454
4326.81640625	0.00022641498847697037
4327.0166015625	0.00023717785585072523
4327.216796875	0.00024321860578656155
4327.41650390625	0.0002660519090303084
4327.61669921875	0.0002791780931523434
4327.81689453125	0.00029335458499518967
4328.01708984375	0.0003059574316793416
4328.216796875	0.00032984435022335247
4328.4169921875	0.00034717221062403067
4328.6171875	0.0003655506271282703
4328.81689453125	0.00038419244701852744
4329.01708984375	0.0003962744245386005
4329.21728515625	0.00042725274857562855
4329.4169921875	0.0004498343180148714
4329.6171875	0.00046926766512296115
4329.8173828125	0.0004913266302388564
4330.0	0.0005198294557351283
4330.017578125	0.0005225738976738429
4330.21728515625	0.0005543564282115662
4330.41748046875	0.0005774795830911738
4330.61767578125	0.0006184547874819829
4330.8173828125	0.000654970802034666
4331.017578125	0.0006893897623703167
4331.2177734375	0.0007245994255820539
4331.41796875	0.0007844914102759271
4331.61767578125	0.0008236464863705358
4331.81787109375	0.0008675312557409028
4332.01806640625	0.0009250740033230886
4332.2177734375	0.00097238056140505
4332.41796875	0.0010464768100599694
4332.6181640625	0.0011119131351214689
4332.81787109375	0.0011692136275831628
4333.01806640625	0.0012435906333529557
4333.21826171875	0.001326641561756369
4333.41845703125	0.0014178421311910388
4333.6181640625	0.001506160951195437
4333.818359375	0.0015944875410709698
4334.0185546875	0.0017041000190680885
4334.21826171875	0.001770900649676417
4334.41845703125	0.0018826318667203709
4334.61865234375	0.002021959451741845
4334.81884765625	0.002161824362818637
4335.0185546875	0.0022974971897357487
4335.21875	0.0024421156091114457
4335.4189453125	0.0025956811964625527
4335.619140625	0.002816006925197573
4335.81884765625	0.0030371401163288713
4336.01904296875	0.003198109461274607
4336.21923828125	0.003416913277799125
4336.4189453125	0.0036223311766682394
4336.619140625	0.00389926008011287
4336.8193359375	0.004254805751038592
4337.01904296875	0.004554391654535101
4337.21923828125	0.004858735844579146
4337.41943359375	0.005154430927474695
4337.61962890625	0.0055955338875437475
4337.8193359375	0.006084524705558795
4338.01953125	0.006495733193858531
4338.2197265625	0.006925908183534613
4338.41943359375	0.007373473954228295
4338.61962890625	0.007819501071071329
4338.81982421875	0.008458846360458558
4339.02001953125	0.009241307680324972
4339.2197265625	0.009855785370045727
4339.419921875	0.010577885493823398
4339.6201171875	0.011319246398573742
4339.81982421875	0.012364461486397789
4340.0	0.013316833652260072
4340.02001953125	0.013422634293914423
4340.22021484375	0.014515918287283856
4340.419921875	0.01548115394625225
4340.6201171875	0.016523513063268203
4340.8203125	0.017714559574369043
4341.0205078125	0.019436539276905637
4341.22021484375	0.021150975853184706
4341.42041015625	0.022755271219678085
4341.62060546875	0.02443726527137072
4341.8203125	0.026188535794835884
4342.0205078125	0.02865053550462691
4342.220703125	0.031129506700341578
4342.4208984375	0.03305290660056658
4342.62060546875	0.03532214576801524
4342.82080078125	0.03766386160387123
4343.02099609375	0.04032778133551907
4343.220703125	0.04354654033442648
4343.4208984375	0.04716966932100047
4343.62109375	0.050398514488056496
4343.82080078125	0.05338041193866993
4344.02099609375	0.056968026213472404
4344.22119140625	0.06166590394693408
4344.42138671875	0.06620665099373797
4344.62109375	0.06978117320982156
4344.8212890625	0.07388597955024975
4345.021484375	0.07743353151899778
4345.22119140625	0.08198541194996659
4345.42138671875	0.08785809733151036
4345.62158203125	0.09270239893723463
4345.82177734375	0.09702839428552296
4346.021484375	0.1015728367717768
4346.2216796875	0.1062604511005458
4346.421875	0.11175887127691016
4346.62158203125	0.11639643988405934
4346.82177734375	0.12013916073961557
4347.02197265625	0.12380097987542105
4347.2216796875	0.12759619393925897
4347.421875	0.13181709714443826
4347.6220703125	0.13616563912839424
4347.822265625	0.13972451954708495
4348.02197265625	0.1429749689331053
4348.22216796875	0.1457585017273582
4348.42236328125	0.14873991646614343
4348.6220703125	0.15187261319363501
4348.822265625	0.15447197137345006
4349.0224609375	0.15623351198059196
4349.22265625	0.1581363143945501
4349.42236328125	0.1596541541760357
4349.62255859375	0.1614425865456837
4349.82275390625	0.16302776812418523
4350.0	0.16404366789470157
4350.0224609375	0.1641724055547319
4350.22265625	0.16485089072888398
4350.4228515625	0.16570220042771755
4350.62255859375	0.16619427802086098
4350.82275390625	0.16673431991649867
4351.02294921875	0.16724015378818
4351.22314453125	0.1673556339341304
4351.4228515625	0.1676639497618312
4351.623046875	0.16752417606093573
4351.8232421875	0.16786674485135786
4352.0234375	0.16759022393973927
4352.22314453125	0.1674941685230571
4352.42333984375	0.1675851801175756
4352.62353515625	0.16743459007821893
4352.8232421875	0.16741175248561946
4353.0234375	0.16732648793419927
4353.2236328125	0.16707785254344412
4353.423828125	0.16707849699896876
4353.62353515625	0.16687751209284174
4353.82373046875	0.1668804894540949
4354.02392578125	0.16680470254338625
4354.2236328125	0.1664895836992912
4354.423828125	0.1666757295342361
4354.6240234375	0.16661046337793994
4354.82373046875	0.1666974862590632
4355.02392578125	0.16658452760576248
4355.22412109375	0.16675010849193195
4355.42431640625	0.1667783953323831
4355.6240234375	0.16677818986640042
4355.82421875	0.16699942831018189
4356.0244140625	0.16703036086191614
4356.22412109375	0.16724813891695456
4356.42431640625	0.16733918662124292
4356.62451171875	0.16752115739933496
4356.82470703125	0.16764516693876047
4357.0244140625	0.16797109479509748
4357.224609375	0.16817338760265285
4357.4248046875	0.1683472341434308
4357.62451171875	0.16884613809589732
4357.82470703125	0.16888133818520257
4358.02490234375	0.1692078637408368
4358.224609375	0.16945399535620703
4358.4248046875	0.16961208129856772
4358.625	0.1699750436513724
4358.8251953125	0.1704107799850478
4359.02490234375	0.17071918582679171
4359.22509765625	0.17105795653231268
4359.42529296875	0.17122559651712804
4359.625	0.1716342283434827
4359.8251953125	0.1720840709711667
4360.0	0.17234974603322784
4360.025390625	0.17238833322087288
4360.2255859375	0.17260111169679743
4360.42529296875	0.17297815475430797
4360.62548828125	0.17313423818480136
4360.82568359375	0.17349235079018305
4361.025390625	0.17387762886419672
4361.2255859375	0.1739261236346979
4361.42578125	0.17442408224542788
4361.62548828125	0.17440954567141354
4361.82568359375	0.17481548316768428
4362.02587890625	0.175250180150017
4362.22607421875	0.17524727925963593
4362.42578125	0.17533882349898422
4362.6259765625	0.1757413884379408
4362.826171875	0.17599148079069754
4363.02587890625	0.175999678554944
4363.22607421875	0.17607595159151357
4363.42626953125	0.17658569759019999
4363.6259765625	0.17643215241105437
4363.826171875	0.1765968371322307
4364.0263671875	0.17654831601203705
4364.2265625	0.1770246286715163
4364.42626953125	0.17700564941724065
4364.62646484375	0.177096724767311
4364.82666015625	0.1768685237491077
4365.0263671875	0.1770873109595067
4365.2265625	0.17704671618118048
4365.4267578125	0.17705202836201886
4365.626953125	0.17706317074229894
4365.82666015625	0.17700433867996995
4366.02685546875	0.17685186162896255
4366.22705078125	0.17705009347821804
4366.4267578125	0.17689097015786703
4366.626953125	0.17674796341346113
4366.8271484375	0.17668228121428542
4367.02734375	0.17654612256163582
4367.22705078125	0.17639751876570153
4367.42724609375	0.17641655310745422
4367.62744140625	0.17613335572947603
4367.82763671875	0.17600956282564112
4368.02734375	0.17562281613779646
4368.2275390625	0.17560698861466625
4368.427734375	0.17544832810138838
4368.62744140625	0.17533875011201105
4368.82763671875	0.17495383447602406
4369.02783203125	0.17477349195826586
4369.2275390625	0.1745936608579163
4369.427734375	0.17453846786648233
4369.6279296875	0.1743530813706904
4369.828125	0.1741051143680687
4370.0	0.1738084975739665
4370.02783203125	0.17376087574476243
4370.22802734375	0.1735594110145183
4370.42822265625	0.17335053231719894
4370.6279296875	0.1730650247757294
4370.828125	0.17269922443497138
4371.0283203125	0.17268069824951743
4371.22802734375	0.17230902981900553
4371.42822265625	0.17203400194047064
4371.62841796875	0.17181946585623337
4371.82861328125	0.17144744711958576
4372.0283203125	0.17145182144862897
4372.228515625	0.17114924000163215
4372.4287109375	0.1707821820907329
4372.62841796875	0.1707424112762674
4372.82861328125	0.17040462156531389
4373.02880859375	0.17036062402260288
4373.22900390625	0.1700172336327861
4373.4287109375	0.16982707236238317
4373.62890625	0.16972145390515775
4373.8291015625	0.1693946572938537
4374.02880859375	0.16933207414711096
4374.22900390625	0.1690937604512652
4374.42919921875	0.16908455785321513
4374.62890625	0.1689434810470691
4374.8291015625	0.1688190458338566
4375.029296875	0.16876702138706046
4375.2294921875	0.16862406575020514
4375.42919921875	0.1684963875264049
4375.62939453125	0.16818762947391927
4375.82958984375	0.16837458516190507
4376.029296875	0.16837221686400802
4376.2294921875	0.16819166852892825
4376.4296875	0.16813350757284165
4376.6298828125	0.1684109117108195
4376.82958984375	0.16812981244485503
4377.02978515625	0.1686174898953667
4377.22998046875	0.16844536692362463
4377.4296875	0.16844324735709007
4377.6298828125	0.16863952007674082
4377.830078125	0.1686805578716644
4378.02978515625	0.16885701135852738
4378.22998046875	0.16882081170024105
4378.43017578125	0.16920466925204
4378.63037109375	0.1693322327860034
4378.830078125	0.1695798904213924
4379.0302734375	0.16983870936649914
4379.23046875	0.1699030701139383
4379.43017578125	0.1701621726851297
4379.63037109375	0.1703093862638061
4379.83056640625	0.17065851093485046
4380.0	0.1707166133705244
4380.03076171875	0.17072671334404144
4380.23046875	0.17097580940408985
4380.4306640625	0.17112041382093707
4380.630859375	0.1715373367279525
4380.83056640625	0.17176425179259916
4381.03076171875	0.171822603371751
4381.23095703125	0.17187116313105597
4381.4306640625	0.1720639713655971
4381.630859375	0.17220464281144138
4381.8310546875	0.17222967658245794
4382.03125	0.17215912142880666
4382.23095703125	0.17215210791038826
4382.43115234375	0.17169988383170412
4382.63134765625	0.17180272704586466
4382.83154296875	0.17149420339221658
4383.03125	0.17118696945845563
4383.2314453125	0.1704964457620529
4383.431640625	0.1697865254189697
4383.63134765625	0.16914037564499737
4383.83154296875	0.1683734971611417
4384.03173828125	0.16773468724614735
4384.23193359375	0.16633812662904932
4384.431640625	0.16459623598519937
4384.6318359375	0.16325458417490274
4384.83203125	0.1617164165605882
4385.03173828125	0.15970949470263043
4385.23193359375	0.15752427243338932
4385.43212890625	0.1550272623990872
4385.6318359375	0.15267949969022981
4385.83203125	0.15002123479699953
4386.0322265625	0.14766181754589347
4386.232421875	0.14465242843508527
4386.43212890625	0.1416698636333179
4386.63232421875	0.13760982389495377
4386.83251953125	0.13401250818613336
4387.0322265625	0.13055641875940574
4387.232421875	0.1267903145592035
4387.4326171875	0.12264179688856121
4387.6328125	0.11767303229203896
4387.83251953125	0.11438148233850655
4388.03271484375	0.1104646380849315
4388.23291015625	0.10657699620626924
4388.4326171875	0.10287458356008188
4388.6328125	0.09802787481138041
4388.8330078125	0.09267280334334063
4389.03271484375	0.08880419256308013
4389.23291015625	0.0849764431585355
4389.43310546875	0.08067851267801605
4389.63330078125	0.07621689695881347
4389.8330078125	0.07202476977682551
4390.0	0.06881617024190619
4390.033203125	0.0681781861392544
4390.2333984375	0.06486422892595264
4390.43310546875	0.06187574935418007
4390.63330078125	0.05823979298173604
4390.83349609375	0.05414816296554981
4391.03369140625	0.050986949406101705
4391.2333984375	0.04830493137148173
4391.43359375	0.045465914723810646
4391.6337890625	0.04262489449304523
4391.83349609375	0.0396732156625207
4392.03369140625	0.036883317674337945
4392.23388671875	0.0350036387475642
4392.43359375	0.03304647268790747
4392.6337890625	0.03108284773315194
4392.833984375	0.02911117436913828
4393.0341796875	0.026855794698596298
4393.23388671875	0.025029956071745373
4393.43408203125	0.023547819569900395
4393.63427734375	0.022135848166943424
4393.833984375	0.02054752863309625
4394.0341796875	0.018903994103522188
4394.234375	0.01775397395488602
4394.4345703125	0.016694561498108027
4394.63427734375	0.015671413023019554
4394.83447265625	0.014806751072182253
4395.03466796875	0.013815581888229966
4395.234375	0.012765771564535443
4395.4345703125	0.01198952329870282
4395.634765625	0.011243462638622586
4395.83447265625	0.010548535009236675
4396.03466796875	0.0098212249862408
4396.23486328125	0.009151682978610071
4396.43505859375	0.008524797868726845
4396.634765625	0.008090662079182308
4396.8349609375	0.007667111572577483
4397.03515625	0.00721012567662757
4397.23486328125	0.006691857869386904
4397.43505859375	0.006241454418010237
4397.63525390625	0.005870324365247288
4397.83544921875	0.005555931041038706
4398.03515625	0.005234095218741286
4398.2353515625	0.004887843008993896
4398.435546875	0.004513989447986134
4398.6357421875	0.004306951557285651
4398.83544921875	0.00408823262459306
4399.03564453125	0.0038721550479530395
4399.23583984375	0.0036369685100934392
4399.435546875	0.003429887525939022
4399.6357421875	0.003171598680081945
4399.8359375	0.0030109198280278554
4400.0	0.002881528365366732
4400.03564453125	0.002853415821076348
4400.23583984375	0.002679190823900541
4400.43603515625	0.002536262325910826
4400.63623046875	0.0023598977027162356
4400.8359375	0.002241362474913626
4401.0361328125	0.002121759948341336
4401.236328125	0.002031337427441415
4401.43603515625	0.001920744855543947
4401.63623046875	0.0017907769619327355
4401.83642578125	0.0016844183928798702
4402.03662109375	0.0016024669943109759
4402.236328125	0.001519980421473451
4402.4365234375	0.001447308578327974
4402.63671875	0.0013579143880629277
4402.83642578125	0.001283642158324598
4403.03662109375	0.0012255549123611899
4403.23681640625	0.001170118818331009
4403.4365234375	0.0011059215738082227
4403.63671875	0.0010496833718115087
4403.8369140625	0.00098123320805699
4404.037109375	0.0009438338086122815
4404.23681640625	0.0008870563125562062
4404.43701171875	0.0008448748015681122
4404.63720703125	0.0008053455865783808
4404.8369140625	0.0007642215876910962
4405.037109375	0.0007273428343199823
4405.2373046875	0.0006793128834921047
4405.4375	0.0006533143531674693
4405.63720703125	0.0006299690381330635
4405.83740234375	0.0005928177693964761
4406.03759765625	0.0005561954842502887
4406.2373046875	0.000539217991935241
4406.4375	0.0005201155310606958
4406.6376953125	0.00048455073067882136
4406.83740234375	0.00045721496591041887
4407.03759765625	0.00043651593441956186
4407.23779296875	0.00041528478288065373
4407.43798828125	0.00040732926943704646
4407.6376953125	0.00038529963226902677
4407.837890625	0.000369110992249214
4408.0380859375	0.00035371815881101316
4408.23779296875	0.0003362000300448608
4408.43798828125	0.0003160254317255176
4408.63818359375	0.0003054104313550437
4408.83837890625	0.00028868654562046463
4409.0380859375	0.0002775391388775748
4409.23828125	0.0002674535521845611
4409.4384765625	0.00025391466698252503
4409.63818359375	0.00023904702965225338
4409.83837890625	0.0002318814699001962
4410.0	0.000227597403283079
4410.03857421875	0.00022657489626963108
4410.23828125	0.00020400224111799414
4410.4384765625	0.00020613246397713784
4410.638671875	0.0001894022675256554
4410.8388671875	0.00018435974125625837
4411.03857421875	0.0001870209452388814
4411.23876953125	0.00017294560825206206
4411.43896484375	0.00016524559076644106
4411.638671875	0.0001575451744169216
4411.8388671875	0.00015011008629274198
4412.0390625	0.00014931680077147306
4412.23876953125	0.00013630152629144946
4412.43896484375	0.00013258514510538412
4412.63916015625	0.00013179135640667669
4412.83935546875	0.00012276037294596922
4413.0390625	0.00011744903098832156
4413.2392578125	0.00011320034678590721
4413.439453125	0.00010841995883474169
4413.63916015625	0.0001062967534292
4413.83935546875	0.0001009844665972986
4414.03955078125	9.673492908132824e-05
4414.23974609375	9.647161633097427e-05
4414.439453125	8.504599057139346e-05
4414.6396484375	9.14267509915028e-05
4414.83984375	8.318980979369417e-05
4415.0400390625	7.468666260848018e-05
4415.23974609375	7.57517219661702e-05
4415.43994140625	7.362722329902439e-05
4415.64013671875	7.070517878091746e-05
4415.83984375	7.256767676306221e-05
4416.0400390625	6.884799560815416e-05
4416.240234375	6.433063183693404e-05
4416.4404296875	6.087639583804364e-05
4416.64013671875	5.689028643926548e-05
4416.84033203125	5.742342292403969e-05
4417.04052734375	5.396874693645595e-05
4417.240234375	5.4235965276672434e-05
4417.4404296875	5.317385629802759e-05
4417.640625	5.05164388824023e-05
4417.84033203125	4.6795357110067085e-05
4418.04052734375	4.387175408493022e-05
4418.24072265625	4.653181746187966e-05
4418.44091796875	4.094903261085357e-05
4418.640625	4.015233541146605e-05
4418.8408203125	3.935560456125324e-05
4419.041015625	4.174990208380554e-05
4419.24072265625	3.457085038971892e-05
4419.44091796875	3.271016834258606e-05
4419.64111328125	3.590230764786119e-05
4419.84130859375	3.085017269052054e-05
4420.0	2.8948786418214533e-05
4420.041015625	2.8457437950933987e-05
4420.2412109375	2.5267016871405142e-05
4420.44140625	2.8991801391529242e-05
4420.64111328125	2.8195050154165882e-05
4420.84130859375	3.2452277184524025e-05
4421.04150390625	2.420722778342674e-05
4421.2412109375	2.740054554681208e-05
4421.44140625	2.367719948347286e-05
4421.6416015625	2.154982073179206e-05
4421.841796875	3.0330659399311066e-05
4422.04150390625	2.1285569547076622e-05
4422.24169921875	1.915782242046614e-05
4422.44189453125	2.261782695994118e-05
4422.6416015625	2.0756056586755134e-05
4422.841796875	1.7829672665372905e-05
4423.0419921875	2.2354564454590246e-05
4423.24169921875	2.34200542373941e-05
4423.44189453125	1.4904299373384455e-05
4423.64208984375	1.650188490418969e-05
4423.84228515625	1.91642894963779e-05
4424.0419921875	1.3841457313864506e-05
4424.2421875	1.2511075343030452e-05
4424.4423828125	1.6238465133205094e-05
4424.64208984375	1.4641855749144836e-05
4424.84228515625	1.4376246819733113e-05
4425.04248046875	1.5441806239732938e-05
4425.24267578125	9.31872486658889e-06
4425.4423828125	8.786595984161933e-06
4425.642578125	1.3047313270930346e-05
4425.8427734375	1.0385035119979297e-05
4426.04248046875	1.0918060904583065e-05
4426.24267578125	1.225004828814368e-05
4426.44287109375	7.989498980005541e-06
4426.642578125	1.3050063856077034e-05
4426.8427734375	1.4914989072145139e-05
4427.04296875	9.854962823679913e-06
4427.2431640625	8.523570184056447e-06
4427.44287109375	1.8646095368165182e-05
4427.64306640625	6.3932164656495954e-06
4427.84326171875	1.092220574756248e-05
4428.04296875	1.19882918542636e-05
4428.2431640625	1.5185809682987252e-05
4428.443359375	1.1456445309910103e-05
4428.6435546875	6.927444743098944e-06
4428.84326171875	1.1190959289941744e-05
4429.04345703125	6.128640741865861e-06
4429.24365234375	6.661846808042119e-06
4429.443359375	9.326978941397178e-06
4429.6435546875	8.79437945516326e-06
4430.0	8.759805313468136e-06
4440.0	7.783991874141697e-06
4450.0	6.804925297201716e-06
4460.0	5.822634418733813e-06
4470.0	4.84124090310399e-06
4480.0	3.85166518342479e-06
4490.0	2.8588819170404634e-06
4490.65966796875	2.7932775134044926e-06
4500.0	2.349431168929362e-06
4500.66259765625	2.317736738083201e-06
4510.0	2.132578237939418e-06
4510.6650390625	2.119502345260504e-06
4520.0	1.996041492033954e-06
4520.66748046875	1.9870875462937315e-06
4530.0	1.879569789870451e-06
4530.67041015625	1.8718416133089941e-06
4540.0	1.7651119799009947e-06
4540.6728515625	1.7574101120128363e-06
4550.0	1.6576589670026073e-06
4550.67578125	1.6504272522007776e-06
4560.0	1.5711665062578344e-06
4560.67822265625	1.565488148248733e-06
4570.0	1.4812163551117665e-06
4570.6806640625	1.4749682234925263e-06
4580.0	1.4022009951762758e-06
4580.68359375	1.39686041038898e-06
4590.0	1.2712247835084154e-06
4590.68603515625	1.2619680858520454e-06
4600.0	1.099087611397562e-06
4600.68896484375	1.0870320413603492e-06
4610.0	9.247540996052342e-07
4610.69140625	9.127505237184485e-07
4620.0	7.365656118754539e-07
4620.6943359375	7.233620568136149e-07
4630.0	5.370941735563976e-07
4630.69677734375	5.231310382149299e-07
4640.0	3.815587059943736e-07
4640.69921875	3.70914587083951e-07
4650.0	2.505327349038252e-07
4650.7021484375	2.4144154058538897e-07
4660.0	1.659709040138724e-07
4660.70458984375	1.602497629582612e-07
4670.0	1.1814542167710228e-07
4670.70751953125	1.1494642727854077e-07
4680.0	7.283821237622486e-08
4680.7099609375	6.9613005186989e-08
4690.0	6.599530048037279e-08
4690.71240234375	6.571776645854942e-08
4700.0	5.2409582610535125e-08
4700.71533203125	5.1384222651389026e-08
4710.0	3.8663628456161205e-08
4710.7177734375	3.767989271941882e-08
4720.0	3.7574153190646174e-08
4720.720703125	3.756594867668056e-08
4730.0	4.6900654281826125e-08
4730.72314453125	4.762836984799516e-08
4740.0	3.0065094040734935e-08
4740.7255859375	2.8692681885055927e-08
4750.0	4.1463039574713266e-08
4750.728515625	4.2464734887252604e-08
4760.0	3.056988886152573e-08
4760.73095703125	2.9631781156575615e-08
4770.0	3.685940872111643e-08
4770.73388671875	3.743186312894249e-08
4780.0	3.197324023506645e-08
4780.736328125	3.153932175645473e-08
4790.0	3.0210740544868894e-08
4790.7392578125	3.0104676729678484e-08
4800.0	3.006169288563484e-08
4800.74169921875	3.0058248648154796e-08
4810.0	3.208560849978237e-08
4810.74462890625	3.2250764251409794e-08
4820.0	3.1874210135708177e-08
4820.7470703125	3.184176616135738e-08
4830.0	2.5051929369842966e-08
4830.74951171875	2.4501540485316403e-08
4840.0	2.6897249296871376e-08
4840.75244140625	2.7092164747335444e-08
4850.0	4.323970831818654e-08
4850.7548828125	4.455814692735323e-08
4860.0	3.1768854060207285e-08
4860.7578125	3.0720276210392285e-08
4870.0	3.098065904413753e-08
4870.76025390625	3.100208673513033e-08
4880.0	2.7996705606597236e-08
4880.7626953125	2.7748577109828615e-08
4890.0	2.0046491403004106e-08
4890.765625	1.9409219463391872e-08
4900.0	2.7721696494152418e-08
4900.76806640625	2.841198799779382e-08
4910.0	2.9083446802680075e-08
4910.77099609375	2.9139529411137567e-08
4920.0	2.4896723782273085e-08
4920.7734375	2.4541075427817203e-08
4930.0	2.990558333229196e-08
4930.7763671875	3.035709947243615e-08
4940.0	4.0901616941839864e-08
4940.77880859375	4.179218148384455e-08
4950.0	3.3131936360352335e-08
4950.78173828125	3.23975698664714e-08
4960.0	2.068005190826267e-08
4960.7841796875	1.9683012012699974e-08
4970.0	3.159141809472564e-08
4970.78662109375	3.260811596158466e-08
4980.0	3.506629688455675e-08
4980.78955078125	3.527701358038636e-08
4990.0	3.464109401527315e-08
4990.7919921875	3.4588728888283676e-08
5000.0	2.5740359502980307e-08
5000.794921875	2.4973434524497e-08
5010.0	2.680805167904713e-08
5010.79736328125	2.696697466437263e-08
5020.0	2.2302492481052786e-08
5020.80029296875	2.1896859947788475e-08
5030.0	2.895786125625561e-08
5030.802734375	2.9573435214447427e-08
5040.0	3.709278053304357e-08
5040.8056640625	3.775131063398997e-08
5050.0	2.3159237941657637e-08
5050.80810546875	2.1877014710813217e-08
5060.0	3.751212485885261e-08
5060.81103515625	3.889134771639808e-08
5070.0	5.2809263340193486e-08
5070.8134765625	5.404109995510918e-08
5080.0	7.73955865174016e-08
5080.81591796875	7.946938462487173e-08
5090.0	1.2069352077491435e-07
5090.81884765625	1.2436820646227755e-07
5100.0	1.6406848007305323e-07
5100.8212890625	1.676190240629174e-07
5110.0	2.103520182527681e-07
5110.82421875	2.141883720343336e-07
5120.0	2.0953464351060203e-07
5120.82666015625	2.091154237949802e-07
5130.0	1.8960020622939466e-07
5130.82958984375	1.8784896035878472e-07
5140.0	1.5041751252395462e-07
5140.83203125	1.470089792172482e-07
5150.0	1.188005726602314e-07
5150.83447265625	1.1623363764182517e-07
5160.0	1.0109510441882572e-07
5160.83740234375	9.971229735115378e-08
5170.0	9.352767150792303e-08
5170.83984375	9.296088166312756e-08
5180.0	1.0196774774485044e-07
5180.8427734375	1.0279621131586552e-07
5190.0	1.0181972887356872e-07
5190.84521484375	1.0172963291615302e-07
5200.0	1.0095780233536188e-07
5200.84814453125	1.0088631252981685e-07
5210.0	8.254168652023772e-08
5210.8505859375	8.083708774420199e-08
5220.0	7.100736195931428e-08
5220.853515625	7.009058080963548e-08
5230.0	7.732433187236554e-08
5230.85595703125	7.800150213026707e-08
5240.0	7.404783779629366e-08
5240.85888671875	7.367654314865236e-08
5250.0	8.232953079471143e-08
5250.861328125	8.314471574196985e-08
5260.0	8.279145209729749e-08
5260.86376953125	8.27580788514121e-08
5270.0	8.025873924729892e-08
5270.86669921875	8.002167389547837e-08
5280.0	8.501135140018608e-08
5280.869140625	8.548606746724896e-08
5290.0	5.400636662480956e-08
5290.8720703125	5.100035685333122e-08
5300.0	5.365730989671854e-08
5300.87451171875	5.391179974548532e-08
5310.0	4.328311164317377e-08
5310.87744140625	4.226131710962077e-08
5320.0	5.243214468908841e-08
5320.8798828125	5.341295080286406e-08
5330.0	3.4521357796871954e-08
5330.8828125	3.269302615747446e-08
5340.0	4.555343169954228e-08
5340.88525390625	4.680189006399193e-08
5350.0	4.423204559664843e-08
5350.88818359375	4.398164713843385e-08
5360.0	3.6111513494598684e-08
5360.890625	3.5342393614404774e-08
5370.0	3.222101910646672e-08
5370.89306640625	3.1915061283310545e-08
5380.0	3.429071865512579e-08
5380.89599609375	3.452440493387748e-08
5390.0	2.9271947183091276e-08
5390.89892578125	2.8753432206324224e-08
5400.0	3.533752905107234e-08
5400.9013671875	3.5989460910500325e-08
5410.0	2.745917222552127e-08
5410.90380859375	2.6611993549682175e-08
5420.0	3.3789771245593395e-08
5420.90673828125	3.450510147743071e-08
5430.0	2.7883611339156537e-08
5430.9091796875	2.7221689871708318e-08
5440.0	3.178520094574466e-08
5440.912109375	3.2242952565853535e-08
5450.0	3.346088230105321e-08
5450.91455078125	3.358339868502189e-08
5460.0	4.0829467161097164e-08
5460.91748046875	4.156099397184645e-08
5470.0	2.8065783290463008e-08
5470.919921875	2.669925623733613e-08
5480.0	3.373456733221398e-08
5480.9228515625	3.444940247458457e-08
5490.0	3.116795831828943e-08
5490.92529296875	3.083353419457916e-08
5500.0	4.4873511681273895e-08
5500.92822265625	4.6309424245487364e-08
5510.0	4.251445384189552e-08
5510.9306640625	4.212520030755003e-08
5520.0	4.208541573172777e-08
5520.93359375	4.208130905386664e-08
5530.0	4.0695335295661984e-08
5530.93603515625	4.055225340929096e-08
5540.0	5.0931852464020036e-08
5540.9384765625	5.2006254922477044e-08
5550.0	5.591603166739371e-08
5550.94140625	5.632209552288724e-08
5560.0	4.9911871105637104e-08
5560.9443359375	4.92437663300466e-08
5570.0	4.470444802456715e-08
5570.94677734375	4.4226423265537054e-08
5580.0	4.996557679092317e-08
5580.94921875	5.057070024969234e-08
5590.0	3.6022375256521215e-08
5590.9521484375	3.449228184488614e-08
5600.0	4.107551222944371e-08
5600.95458984375	4.176987231159728e-08
5610.0	4.1576559459519745e-08
5610.95751953125	4.155608935070761e-08
5620.0	4.5891904677604964e-08
5620.9599609375	4.6352040679155394e-08
5630.0	3.5622773492292774e-08
5630.962890625	3.447938606102185e-08
5640.0	4.5706630817154914e-08
5640.96533203125	4.6905263333585004e-08
5650.0	3.072801940969743e-08
5650.96826171875	2.8995216176773088e-08
5660.0	4.241723486510355e-08
5660.970703125	4.385899417715914e-08
5670.0	4.1528790538736764e-08
5670.9736328125	4.127763479835664e-08
5680.0	2.9498491830501933e-08
5680.97607421875	2.8225434742198415e-08
5690.0	3.126101848748861e-08
5690.97900390625	3.1590159022428626e-08
5700.0	3.4570452875806534e-08
5700.9814453125	3.489452488042958e-08
5710.0	2.7589379508093698e-08
5710.984375	2.6792465965306995e-08
5720.0	3.702823532973074e-08
5720.98681640625	3.814478079945093e-08
5730.0	3.3650545341465344e-08
5730.9892578125	3.3160731601804745e-08
5740.0	3.491452192970286e-08
5740.9921875	3.5107530893978294e-08
5750.0	3.165006513203572e-08
5750.9951171875	3.1268323005251855e-08
5760.0	3.072331323319475e-08
5760.99755859375	3.0662975636668195e-08
5770.0	2.8215799340517854e-08
5771.0	2.7944111460695944e-08
5780.0	3.3138148211970375e-08
5781.0029296875	3.371662365167512e-08
5790.0	3.3140081468282886e-08
5791.00537109375	3.3075686525915984e-08
5800.0	3.305185050522492e-08
5801.00830078125	3.304918994533448e-08
5810.0	2.2637322331903143e-08
5811.0107421875	2.1467597632422345e-08
5820.0	2.526745054366354e-08
5821.013671875	2.5693492169118898e-08
5830.0	3.018721819472065e-08
5831.01611328125	3.06977399940416e-08
5840.0	2.461599104570559e-08
5841.01904296875	2.392641570020528e-08
5850.0	2.6479824135757884e-08
5851.021484375	2.677013959774019e-08
5860.0	3.2048923541536085e-08
5861.0244140625	3.265097272769611e-08
5870.0	3.071548925998243e-08
5871.02685546875	3.0494153681571335e-08
5880.0	2.638714764431614e-08
5881.02978515625	2.5916005044768027e-08
5890.0	2.3764200776613763e-08
5891.0322265625	2.3516686152595153e-08
5900.0	3.428380018910229e-08
5901.03515625	3.552304100106579e-08
5910.0	4.016318867366282e-08
5911.03759765625	4.07031720398205e-08
5920.0	6.303535277386616e-08
5921.04052734375	6.562709264125499e-08
5930.0	8.716262643522218e-08
5931.04296875	8.966859613538514e-08
5940.0	1.059884642145075e-07
5941.0458984375	1.0789339820212305e-07
5950.0	1.0884340447988339e-07
5951.04833984375	1.0895460223085243e-07
5960.0	1.0603773500309857e-07
5961.05126953125	1.0569535058936775e-07
5970.0	8.79084833866612e-08
5971.0537109375	8.580722583554597e-08
5980.0	6.457385726853654e-08
5981.056640625	6.207466109251894e-08
5990.0	5.3968803930241446e-08
5991.05908203125	5.3009283100058026e-08
6000.0	3.345525638130409e-08
6001.06201171875	3.11360463812054e-08
6010.0	3.709794811714176e-08
6011.064453125	3.7808274665858845e-08
6020.0	3.5697106974229476e-08
6021.0673828125	3.544482978171999e-08
6030.0	3.015874840381434e-08
6031.06982421875	2.9522360919202686e-08
6040.0	4.284361459824758e-08
6041.072265625	4.444628925044352e-08
6050.0	3.1798373169568665e-08
6051.0751953125	3.027470293309811e-08
6060.0	4.877963013370765e-08
6061.078125	5.101570627779236e-08
6070.0	6.307799045262276e-08
6071.08056640625	6.453936579509823e-08
6080.0	8.637453309805004e-08
6081.08349609375	8.902776902635157e-08
6090.0	1.0311164427907663e-07
6091.0859375	1.0481775793631887e-07
6100.0	1.2600749889283877e-07
6101.08837890625	1.2860515080140756e-07
6110.0	1.2656673301842157e-07
6111.09130859375	1.2631705340266576e-07
6120.0	1.235634200153799e-07
6121.09423828125	1.2322513383829617e-07
6130.0	1.0114535063954996e-07
6131.0966796875	9.842554751001243e-08
6140.0	7.782295527574222e-08
6141.099609375	7.527767365562247e-08
6150.0	5.53951148168605e-08
6151.10205078125	5.292753448038348e-08
6160.0	4.585988767560165e-08
6161.1044921875	4.4987295401281e-08
6170.0	4.77009504567861e-08
6171.107421875	4.8038885729258095e-08
6180.0	3.2193266205787086e-08
6181.10986328125	3.0215017636915266e-08
6190.0	3.417745430304486e-08
6191.11279296875	3.467357093470559e-08
6200.0	3.217332258374535e-08
6201.11572265625	3.1856309591111736e-08
6210.0	3.237173889575698e-08
6211.1181640625	3.243966268319113e-08
6220.0	3.2322454239688965e-08
6221.12060546875	3.2307661116324194e-08
6230.0	3.512189696416185e-08
6231.12353515625	3.547835564559561e-08
6240.0	3.208179077232268e-08
6241.1259765625	3.164772956374894e-08
6250.0	3.4205698081776027e-08
6251.12890625	3.4534249403909156e-08
6260.0	3.5661427264391214e-08
6261.1318359375	3.5805262268451336e-08
6270.0	3.0826791798314793e-08
6271.13427734375	3.0189804016983955e-08
6280.0	2.981063913259023e-08
6281.13671875	2.9762001739011837e-08
6290.0	4.612059108510066e-08
6291.1396484375	4.821997903710219e-08
6300.0	5.052895287243266e-08
6301.14208984375	5.0831354901888793e-08
6310.0	5.090080784761844e-08
6311.14501953125	5.090974985337492e-08
6320.0	4.5370478546846716e-08
6321.1474609375	4.465243447501148e-08
6330.0	3.648356557303805e-08
6331.150390625	3.5418192736484e-08
6340.0	4.2207960912760636e-08
6341.15283203125	4.3096202617331385e-08
6350.0	3.5244721512794345e-08
6351.15576171875	3.4218694314977154e-08
6360.0	2.6931394789008164e-08
6361.158203125	2.597677712981713e-08
6370.0	2.9243054953731623e-08
6371.1611328125	2.9669150278763894e-08
6380.0	3.435789859003602e-08
6381.16357421875	3.497823844574345e-08
6390.0	2.827435971456763e-08
6391.16650390625	2.7389109109924653e-08
6400.0	3.3578058508029566e-08
6401.1689453125	3.439724927684848e-08
6410.0	2.232727818081104e-08
6411.171875	2.0723079055129882e-08
6420.0	2.069240915386726e-08
6421.17431640625	2.0690394837129016e-08
6430.0	3.5853132995138e-08
6431.17724609375	3.787535691977364e-08
6440.0	2.4948998824475993e-08
6441.1796875	2.3220488040015966e-08
6450.0	2.5991807051957762e-08
6451.1826171875	2.6360709194521877e-08
6460.0	3.472621679171087e-08
6461.18505859375	3.5853232774619086e-08
6470.0	3.612638929392683e-08
6471.18798828125	3.6163161743908876e-08
6480.0	1.6911724119417078e-08
6481.1904296875	1.4310917827545927e-08
6490.0	2.6517105146689062e-08
6491.193359375	2.816769745531414e-08
6500.0	2.5578282557976717e-08
6501.19580078125	2.5224661960271283e-08
6510.0	3.439596231907107e-08
6511.19873046875	3.56425966265211e-08
6520.0	3.498482939340956e-08
6521.201171875	3.489155633110981e-08
6530.0	2.7121117634548766e-08
6531.2041015625	2.6063066193721558e-08
6540.0	3.259325204320919e-08
6541.20703125	3.348785737961827e-08
6550.0	3.397509574870582e-08
6551.20947265625	3.4041977413303987e-08
6560.0	4.501344354918206e-08
6561.2119140625	4.6518627833979876e-08
6570.0	4.167184037718061e-08
6571.21484375	4.100773714031837e-08
6580.0	3.2308180154045884e-08
6581.21728515625	3.1104738313520685e-08
6590.0	2.8574251762086414e-08
6591.22021484375	2.822028337055034e-08
6600.0	3.1653747839995204e-08
6601.22265625	3.2133987806636915e-08
6610.0	2.057714277603074e-08
6611.2255859375	1.8966197553022186e-08
6620.0	3.2683183661901354e-08
6621.228515625	3.4600403729408637e-08
6630.0	3.967517885729132e-08
6631.23095703125	4.037989524079045e-08
6640.0	2.111354222580932e-08
6641.2333984375	1.8413628416181548e-08
6650.0	2.8542134246479743e-08
6651.236328125	2.99674596405059e-08
6660.0	3.079989456703262e-08
6661.23876953125	3.091397354078222e-08
6670.0	2.924883368339987e-08
6671.24169921875	2.901661281371823e-08
6680.0	2.9225043568033578e-08
6681.24462890625	2.925457792530781e-08
6690.0	2.5750115258871026e-08
6691.2470703125	2.5249303201537733e-08
6700.0	2.7327363730515205e-08
6701.25	2.7626183576844268e-08
6710.0	3.581340479384671e-08
6711.25244140625	3.698274501151493e-08
6720.0	3.563627188423117e-08
6721.25537109375	3.543958606414923e-08
6730.0	2.331273753141028e-08
6731.2578125	2.157602073452296e-08
6740.0	2.1059016690079786e-08
6741.2607421875	2.098460364593036e-08
6750.0	2.6256630926859575e-08
6751.26318359375	2.7014033237742835e-08
6760.0	2.1195990841613978e-08
6761.26611328125	2.0357628449754474e-08
6770.0	3.347502679622872e-08
6771.2685546875	3.537608078526423e-08
6780.0	3.063858871848387e-08
6781.271484375	2.994690449432045e-08
6790.0	3.6974173566049735e-08
6791.27392578125	3.800081416900059e-08
6800.0	2.729727536760282e-08
6801.27685546875	2.573449761872623e-08
6810.0	3.616351625112715e-08
6811.279296875	3.768545052780051e-08
6820.0	3.037921057820652e-08
6821.2822265625	2.9311471179743387e-08
6830.0	2.3510954329471577e-08
6831.28466796875	2.26587216955995e-08
6840.0	2.984223471613117e-08
6841.28759765625	3.0897982283547724e-08
6850.0	2.8672966872236367e-08
6851.2900390625	2.834759169436461e-08
6860.0	2.7368133904981892e-08
6861.29296875	2.721995509855678e-08
6870.0	2.2463531605596136e-08
6871.29541015625	2.1760315420376736e-08
6880.0	3.5919090279236886e-08
6881.29833984375	3.802675021112187e-08
6890.0	1.6698097033407283e-08
6891.30078125	1.3514541023203683e-08
6900.0	2.2749907527012427e-08
6901.3037109375	2.4132753379641086e-08
6910.0	3.448153501591705e-08
6911.30615234375	3.603282104743137e-08
6920.0	3.220160787009963e-08
6921.30908203125	3.162227858193884e-08
6930.0	2.7009316846952263e-08
6931.3115234375	2.63181356738127e-08
6940.0	2.2018826092360417e-08
6941.314453125	2.136722614995469e-08
6950.0	2.7868135898799675e-08
6951.31689453125	2.885427589654087e-08
6960.0	2.2700649110436817e-08
6961.31982421875	2.176716190813541e-08
6970.0	2.2270551089833347e-08
6971.322265625	2.234452563272156e-08
6980.0	2.0399035030604198e-08
6981.3251953125	2.010508605490238e-08
6990.0	3.223061389633938e-08
6991.32763671875	3.40827002068487e-08
7000.0	2.5333786556116694e-08
7001.33056640625	2.3987908445955015e-08
7010.0	2.46124156696097e-08
7011.3330078125	2.4710901922064052e-08
7020.0	2.5908813543435134e-08
7021.3359375	2.6089868150870734e-08
7030.0	1.7578285136134535e-08
7031.33837890625	1.6269715474580584e-08
7040.0	3.008320507641506e-08
7041.34130859375	3.2215023936046394e-08
7050.0	2.8050199005282197e-08
7051.34423828125	2.7402580515192784e-08
7060.0	2.8511775902396167e-08
7061.3466796875	2.868693767887829e-08
7070.0	2.7206022467979247e-08
7071.349609375	2.6972647412259647e-08
7080.0	1.8092570177759615e-08
7081.35205078125	1.671250478167003e-08
7090.0	2.813956017393022e-08
7091.35498046875	2.9920316700839455e-08
7100.0	2.2559150576656373e-08
7101.357421875	2.1410777685510472e-08
7110.0	2.4604819771471454e-08
7111.3603515625	2.5105832609300507e-08
7120.0	1.57146079454063e-08
7121.36279296875	1.4236611397025256e-08
7130.0	2.3043570745666476e-08
7131.36572265625	2.4433048028884128e-08
7140.0	1.9083394327560978e-08
7141.3681640625	1.823640904650556e-08
7150.0	2.590542100344606e-08
7151.37109375	2.71215747100699e-08
7160.0	2.416102540354639e-08
7161.37353515625	2.3688524227430303e-08
7170.0	2.1727263594922006e-08
7171.37646484375	2.141820929296249e-08
7180.0	1.8407535985244527e-08
7181.37890625	1.7927761548933198e-08
7190.0	1.634473623085198e-08
7191.3818359375	1.6089909169267254e-08
7200.0	7.568603050509867e-09
7201.38427734375	6.206524279352598e-09
7210.0	1.332374090592864e-08
7211.38720703125	1.4463970584999836e-08
7220.0	2.2099706038795388e-08
7221.3896484375	2.3329215296566324e-08
7230.0	2.0189442118589375e-08
7231.392578125	1.9679875536783954e-08
7240.0	1.8013896191735468e-08
7241.39501953125	1.7747305947658074e-08
7250.0	1.1912767601684283e-08
7251.39794921875	1.0967180133446943e-08
7260.0	1.2899802108167832e-08
7261.400390625	1.3214550855373462e-08
7270.0	1.2761246668347807e-08
7271.4033203125	1.2687549515244088e-08
7280.0	2.1390590478619535e-08
7281.40576171875	2.2805422549869633e-08
7290.0	1.4169602327418653e-08
7291.40869140625	1.2762340461666352e-08
7300.0	1.39244471671348e-08
7301.41162109375	1.4112889073185855e-08
7310.0	9.96069975163124e-09
7311.4140625	9.281427448257453e-09
7320.0	1.0486679642440962e-08
7321.41650390625	1.0683412605035023e-08
7330.0	1.7210180969546348e-08
7331.41943359375	1.828664919002787e-08
7340.0	1.9523254249266312e-08
7341.421875	1.9724889165516826e-08
7350.0	1.5443109588325745e-08
7351.4248046875	1.4737107460623289e-08
7360.0	1.959210506797788e-08
7361.427734375	2.0394729789695955e-08
7370.0	2.221305084302956e-08
7371.43017578125	2.2517776389406336e-08
7380.0	2.0439965571845123e-08
7381.43310546875	2.009128769952515e-08
7390.0	1.410855127265874e-08
7391.435546875	1.3112433689652715e-08
7400.0	1.5899214854735244e-08
7401.4384765625	1.636337410271767e-08
7410.0	1.0811704463437075e-08
7411.44091796875	9.883034726886074e-09
7420.0	7.666157500710946e-09
7421.44384765625	7.2926993988039205e-09
7430.0	1.2387538634469663e-08
7431.4462890625	1.3247316424884575e-08
7440.0	1.4054796448163728e-08
7441.44921875	1.4189313845649522e-08
7450.0	1.0814985823933272e-08
7451.45166015625	1.0245863131310396e-08
7460.0	8.730711209462881e-09
7461.45458984375	8.472656657900253e-09
7470.0	1.4643489307634003e-08
7471.45703125	1.5693159520576703e-08
7480.0	9.648703508976679e-09
7481.4599609375	8.618109324536414e-09
7490.0	1.8888174481610214e-08
7491.46240234375	2.0642034191220124e-08
7500.0	1.3819504437185322e-08
7501.46533203125	1.2650203239330077e-08
7510.0	1.493337493751571e-08
7511.4677734375	1.5326232645134874e-08
7520.0	1.3205165609007712e-08
7521.470703125	1.2839233189582454e-08
7530.0	1.7530918900615454e-08
7531.4736328125	1.83401894894838e-08
7540.0	1.9942821758746383e-08
7541.47607421875	2.021657070115756e-08
7550.0	1.7120917695844668e-08
7551.47900390625	1.6588389357689087e-08
7560.0	1.095216330392507e-08
7561.4814453125	9.974548400436096e-09
7570.0	2.016470193147474e-08
7571.484375	2.193505949331423e-08
7580.0	1.818588727690705e-08
7581.48681640625	1.753136723167176e-08
7590.0	1.996870035332379e-08
7591.48974609375	2.0395915320733713e-08
7600.0	1.131386451054369e-08
7601.4921875	9.726042520404039e-09
7610.0	1.574796345622542e-08
7611.4951171875	1.6801295042850785e-08
7620.0	2.2362075820983008e-08
7621.49755859375	2.3339765948150745e-08
7630.0	2.4906169203239533e-08
7631.50048828125	2.5173944272237223e-08
7640.0	1.9082763465716333e-08
7641.5029296875	1.801424262547111e-08
7650.0	2.1097806217045564e-08
7651.505859375	2.1638653513974657e-08
7660.0	1.9290898198590724e-08
7661.50830078125	1.8878900032987653e-08
7670.0	2.316276514254113e-08
7671.51123046875	2.3918122975994963e-08
7680.0	1.743916842909166e-08
7681.513671875	1.6292720147770535e-08
7690.0	1.4673569785311696e-08
7691.5166015625	1.4383641268063656e-08
7700.0	1.689200478617632e-08
7701.51953125	1.7338630281118693e-08
7710.0	1.2565387073822827e-08
7711.52197265625	1.1715287498761702e-08
7720.0	2.0829961344932247e-08
7721.52490234375	2.245815126447109e-08
7730.0	1.651197706468578e-08
7731.52734375	1.544870614592215e-08
7740.0	2.6408287126785744e-08
7741.52978515625	2.837332580323224e-08
7750.0	2.1063067782050568e-08
7751.53271484375	1.975065137916717e-08
7760.0	2.365367888012676e-08
7761.53515625	2.435437202346151e-08
7770.0	1.989371630903964e-08
7771.5380859375	1.9087899570313738e-08
7780.0	1.71350933478693e-08
7781.541015625	1.678382729897156e-08
7790.0	1.622585687173958e-08
7791.54345703125	1.6122273814654883e-08
7800.0	1.4014000411257663e-08
7801.54638671875	1.3632603842668696e-08
7810.0	1.0039371866795767e-08
7811.548828125	9.383005741445404e-09
7820.0	2.279658681862454e-08
7821.5517578125	2.5248366963105128e-08
7830.0	2.1651492335613053e-08
7831.55419921875	2.0993211249496346e-08
7840.0	2.446419079441541e-08
7841.55712890625	2.510085595533283e-08
7850.0	1.5096592324703018e-08
7851.5595703125	1.3259696312837812e-08
7860.0	1.677348240240742e-08
7861.5625	1.7418781455470135e-08
7870.0	1.3934538419452728e-08
7871.56494140625	1.3293395658992398e-08
7880.0	2.0573926317702424e-08
7881.56787109375	2.1918443687990637e-08
7890.0	1.870047209738278e-08
7891.5703125	1.810416558267282e-08
7900.0	2.070383625957626e-08
7901.5732421875	2.1189521825420927e-08
7910.0	2.211803882652927e-08
7911.57568359375	2.2287707512003134e-08
7920.0	1.5444115255674486e-08
7921.57861328125	1.4170209392112837e-08
7930.0	1.6606102029512397e-08
7931.58154296875	1.7059172048161935e-08
7940.0	1.3962817581835753e-08
7941.583984375	1.338316345997211e-08
7950.0	1.501966098729039e-08
7951.5869140625	1.532884133660579e-08
7960.0	1.8659610230918252e-08
7961.58935546875	1.9283374263468323e-08
7970.0	1.2188259470849745e-08
7971.59228515625	1.085188592512764e-08
7980.0	1.1329902264871136e-08
7981.5947265625	1.1421881390659885e-08
7990.0	1.8798398013124605e-08
7991.59765625	2.0192277259764036e-08
8000.0	2.8579669931843675e-08
8001.60009765625	3.0169032266092066e-08
8010.0	2.1548468667379862e-08
8011.60302734375	1.9908813546258274e-08
8020.0	2.3987746321375055e-08
8021.60546875	2.4763340466346517e-08
8030.0	2.689692452496193e-08
8031.6083984375	2.7307914582612675e-08
8040.0	1.665702557829351e-08
8041.611328125	1.46191697633142e-08
8050.0	2.1802588650742433e-08
8051.61376953125	2.3176768337335105e-08
8060.0	2.196926636066623e-08
8061.61669921875	2.1740900255174625e-08
8070.0	2.035187725520544e-08
8071.619140625	2.0081820218905835e-08
8080.0	2.03731056543535e-08
8081.6220703125	2.042908777427904e-08
8090.0	2.370758706248184e-08
8091.62451171875	2.4343250274665162e-08
8100.0	2.6660341545333752e-08
8101.62744140625	2.7104327742166226e-08
8110.0	2.3156938958717746e-08
8111.6298828125	2.23927381824232e-08
8120.0	1.7967238646313172e-08
8121.6328125	1.7111313693183555e-08
8130.0	1.4280096189620247e-08
8131.63525390625	1.3727305694414815e-08
8140.0	2.0343401362047542e-08
8141.63818359375	2.1631630569107163e-08
8150.0	1.9143216997864505e-08
8151.640625	1.8660511543903255e-08
8160.0	1.955384724181615e-08
8161.6435546875	1.9725587498878912e-08
8170.0	2.1382759117468603e-08
8171.64599609375	2.170719186328782e-08
8180.0	2.757379014245627e-08
8181.64892578125	2.8729283368720923e-08
8190.0	2.3066762929322063e-08
8191.6513671875	2.1949098555365323e-08
8200.0	2.026634786945246e-08
8201.654296875	1.9935220362345485e-08
8210.0	2.284939786995046e-08
8211.6572265625	2.342824902139637e-08
8220.0	2.3538437761528636e-08
8221.66015625	2.355656312770467e-08
8230.0	2.0221085382441583e-08
8231.662109375	1.9561975070745325e-08
8240.0	2.3137210193068668e-08
8241.6650390625	2.3851036949912478e-08
8250.0	2.7173513746907415e-08
8251.66796875	2.7831155341908005e-08
8260.0	1.9362518273420314e-08
8261.6708984375	1.7673041473074203e-08
8270.0	1.8751188815994524e-08
8271.6728515625	1.8969450402363398e-08
8280.0	1.711164005797413e-08
8281.67578125	1.6736743362329272e-08
8290.0	2.318618779087945e-08
8291.6787109375	2.447980211594343e-08
8300.0	2.451136546749661e-08
8301.681640625	2.4517608213441833e-08
8310.0	2.0690011332072493e-08
8311.68359375	1.9922498921561048e-08
8320.0	2.0451831745619644e-08
8321.6865234375	2.055539793338104e-08
8330.0	1.828424671122752e-08
8331.689453125	1.7825125298816888e-08
8340.0	1.2387987490818465e-08
8341.6923828125	1.128848715807522e-08
8350.0	1.9246515075871932e-08
8351.6943359375	2.0858836730407326e-08
8360.0	2.0316629229518506e-08
8361.697265625	2.0206339938099853e-08
8370.0	1.5610755855995404e-08
8371.7001953125	1.4674800391841054e-08
8380.0	2.0516388200157986e-08
8381.703125	2.1711803802200337e-08
8390.0	1.934450497843462e-08
8391.7060546875	1.8856902316575378e-08
8400.0	1.917532161239986e-08
8401.7080078125	1.92427890104077e-08
8410.0	1.7380466950993417e-08
8411.7109375	1.7000724227945717e-08
8420.0	1.8493597280036323e-08
8421.7138671875	1.8797960962358086e-08
8430.0	1.748502535212289e-08
8431.716796875	1.7216998341677948e-08
8440.0	1.81267311713846e-08
8441.71875	1.8314663613685995e-08
8450.0	1.503834551120058e-08
8451.7216796875	1.4362244431055626e-08
8460.0	1.3191359570123726e-08
8461.724609375	1.2946071081249357e-08
8470.0	1.7928087875470713e-08
8471.7275390625	1.8963746046660274e-08
8480.0	1.8071706824784704e-08
8481.73046875	1.7885851109466453e-08
8490.0	1.40576202756085e-08
8491.732421875	1.3261143890720092e-08
8500.0	2.304316323988088e-09
8501.7353515625	1.1958770027912616e-11
8510.0	1.5348689909587527e-07
8511.73828125	1.8559094169315566e-07
8520.0	3.216984910354338e-08
8521.7412109375	1.1828751545016562e-11
8530.0	2.3144538793157398e-07
8531.7431640625	2.800695349502958e-07
8540.0	1.1798035947581826e-07
8541.74609375	8.384633837509507e-08
8550.0	1.4602691470970056e-08
8551.7490234375	1.1644143616725205e-11
8560.0	1.1590072947889246e-11
8561.751953125	1.157857208481148e-11
8570.0	1.7591676557506103e-08
8571.75390625	2.131217831298301e-08
8580.0	2.9954468273339086e-07
8581.7568359375	3.584771839370409e-07
8590.0	2.5768322937653153e-07
8591.759765625	2.3628787510674675e-07
8600.0	4.144767522401172e-08
8601.7626953125	1.1325151040605233e-11
8610.0	1.1270366966497405e-11
8611.7646484375	1.1260497913910267e-11
8620.0	1.1214320988122364e-11
8621.767578125	1.1202507319854245e-11
8630.0	1.1147409853199177e-11
8631.7705078125	1.1139523426764376e-11
8640.0	1.1102683143287378e-11
8641.7734375	1.1094704977074375e-11
8650.0	1.1057512298006926e-11
8651.7763671875	1.1049438113983224e-11
8660.0	1.1011874779586033e-11
8661.7783203125	1.1005577256388108e-11
8670.0	2.8707607599100595e-07
8671.78125	3.490067245465689e-07
8680.0	2.6567044374524906e-07
8681.7841796875	2.4765436622624343e-07
8690.0	4.409793380243853e-08
8691.787109375	1.0874244796180054e-11
8700.0	4.9155061624515396e-08
8701.7890625	5.981325266871209e-08
8710.0	1.0685222756941012e-08
8711.7919921875	1.0780519923200544e-11
8720.0	2.9704941270915608e-08
8721.794921875	3.6169028772961134e-08
8730.0	1.7268622257884106e-07
8731.7978515625	2.0246146055925978e-07
8740.0	1.177849663198533e-07
8741.80078125	9.927926292511224e-08
8750.0	1.7833931434100343e-08
8751.802734375	1.0592235293224575e-11
8760.0	2.595751415532631e-07
8761.8056640625	3.165320041357048e-07
8770.0	5.7058657131327914e-08
8771.80859375	1.0501158838558562e-11
8780.0	1.0459186382188854e-11
8781.8115234375	1.0449861964742794e-11
8790.0	1.0407523411681292e-11
8791.8134765625	1.039810447924316e-11
8800.0	6.976995526381142e-08
8801.81640625	8.514953401123683e-08
8810.0	1.5414537538541275e-08
8811.8193359375	1.027915123257021e-11
8820.0	2.822665713779834e-08
8821.822265625	3.447106372741164e-08
8830.0	6.261827273114853e-09
8831.82421875	1.0157145106609878e-11
8840.0	1.0115909108369058e-11
8841.8271484375	1.0106646155605997e-11
8850.0	1.006500039478556e-11
8851.830078125	1.0055627327248279e-11
8860.0	3.59070102766078e-08
8861.8330078125	4.391924418223801e-08
8870.0	8.03485122410903e-09
8871.8359375	9.953788728535606e-12
8880.0	9.918721016661379e-12
8881.837890625	9.909011923176807e-12
8890.0	9.865679038710139e-12
8891.8408203125	9.85585743599065e-12
8900.0	9.812109491361275e-12
8901.84375	9.8021753791381e-12
8910.0	4.010217940953981e-08
8911.8466796875	4.912897743427068e-08
8920.0	1.3289342832064926e-07
8921.8486328125	1.517775703320571e-07
8930.0	2.797177429216683e-08
8931.8515625	9.63796093023578e-12
8940.0	1.4582012172536336e-09
8941.8544921875	1.7862741322315719e-09
8950.0	3.381371726756528e-10
8951.857421875	9.535082170109302e-12
8960.0	9.488790133089931e-12
8961.859375	9.478177830133656e-12
8970.0	1.2047418430556136e-08
8971.8623046875	1.478449765753072e-08
8980.0	2.7507102294441275e-09
8981.865234375	9.362940315234229e-12
8990.0	4.685532961459084e-08
8991.8681640625	5.754605664461859e-08
9000.0	1.0711980483944663e-08
9001.8701171875	9.243683123540468e-12
9010.0	9.18615684945175e-12
9011.873046875	9.174586259315582e-12
9020.0	9.124198792904872e-12
9021.8759765625	9.110879099063628e-12
9030.0	9.053061636285968e-12
9031.87890625	9.040748481437024e-12
9040.0	8.987354461085785e-12
9041.8818359375	8.974970814314381e-12
9050.0	8.921373447742362e-12
9051.8837890625	8.908919062824506e-12
9060.0	8.855084058149039e-12
9061.88671875	8.84255441670893e-12
9070.0	8.78849727248792e-12
9071.8896484375	8.775891437701213e-12
9080.0	8.721609045693032e-12
9081.892578125	8.710543428198434e-12
9090.0	9.427303026615325e-08
9091.89453125	1.1612914716942886e-07
9100.0	2.1895959418974292e-08
9101.8974609375	8.582466663512354e-12
9110.0	6.809925498632484e-08
9111.900390625	8.394188018150786e-08
9120.0	2.51008036269832e-08
9121.9033203125	1.1384402738729644e-08
9130.0	1.1045039062370301e-07
9131.90625	1.335826403775296e-07
9140.0	6.780642709883885e-08
9141.908203125	5.2425606326794346e-08
9150.0	9.955293005687239e-09
9151.9111328125	8.238902521356104e-12
9160.0	8.182484770631784e-12
9161.9140625	8.1691073633006e-12
9170.0	7.329804165725592e-08
9171.9169921875	9.052285968318357e-08
9180.0	3.5734741279327195e-08
9181.9189453125	2.2844767298068934e-08
9190.0	4.367817943276014e-09
9191.921875	7.965357001587188e-12
9200.0	7.90772416947589e-12
9201.9248046875	7.892979019584243e-12
9210.0	7.830967478853968e-12
9211.927734375	7.816141738571383e-12
9220.0	7.753908513545259e-12
9221.9306640625	7.739001561900912e-12
9230.0	7.67654497152025e-12
9231.9326171875	7.662203312788577e-12
9240.0	7.60215590166582e-12
9241.935546875	7.587717163487946e-12
9250.0	7.527376913893923e-12
9251.9384765625	7.512839904617873e-12
9260.0	1.0168983632713963e-09
9261.94140625	1.2575220689369848e-09
9270.0	2.4827533737510866e-10
9271.943359375	7.36189140396434e-12
9280.0	7.30063418227794e-12
9281.9462890625	7.285800131515543e-12
9290.0	7.224233405435546e-12
9291.94921875	7.209296639566447e-12
9300.0	7.147419651205421e-12
9301.9521484375	7.133775622036639e-12
9310.0	2.6078239051338647e-08
9311.955078125	3.234232167513055e-08
9320.0	6.277821525451438e-09
9321.95703125	6.984296507526402e-12
9330.0	6.921389075192191e-12
9331.9599609375	6.9060200338256796e-12
9340.0	6.842787639617374e-12
9341.962890625	6.827308731956407e-12
9350.0	5.458651246500046e-09
9351.9658203125	6.7764896663790045e-09
9360.0	1.3259440568659992e-09
9361.9677734375	6.668563135972234e-12
9370.0	3.1150491820414e-08
9371.970703125	3.869879016666663e-08
9380.0	1.0091132861409766e-08
9381.9736328125	3.1448152510009184e-09
9390.0	1.3239850238796652e-08
9391.9765625	1.5694420376695698e-08
9400.0	3.0781383849203032e-09
9401.978515625	6.3443454007071945e-12
9410.0	6.273468518655033e-12
9411.9814453125	6.255932435875992e-12
9420.0	3.2864470996760776e-09
9421.984375	4.086549808545667e-09
9430.0	5.174917595990854e-09
9431.9873046875	5.441334749942924e-09
9440.0	1.0752847348187897e-09
9441.990234375	5.9937369537215225e-12
9450.0	5.925128111709192e-12
9451.9921875	5.908022016008953e-12
9460.0	5.839101709956787e-12
9461.9951171875	5.821888819749007e-12
9470.0	3.2343617861277694e-08
9471.998046875	4.0293592130704766e-08
9480.0	7.967124492394105e-09
9482.0009765625	5.648401483490499e-12
9490.0	5.578574412723136e-12
9492.0029296875	5.561048028010955e-12
9500.0	1.758018478563108e-08
9502.005859375	2.194522552459579e-08
9510.0	4.376792838949525e-09
9512.0087890625	5.426284311810962e-12
9520.0	1.6274853757876934e-08
9522.01171875	2.032926531010762e-08
9530.0	4.064016579604083e-09
9532.013671875	5.317736689938956e-12
9540.0	5.274092171606867e-12
9542.0166015625	5.263040759725305e-12
9550.0	5.219186290531666e-12
9552.01953125	5.208061664162261e-12
9560.0	5.1639975747947215e-12
9562.0224609375	5.152799794905002e-12
9570.0	5.1085271433861565e-12
9572.025390625	5.097254591773114e-12
9580.0	3.5128035655648475e-09
9582.02734375	4.394675459772444e-09
9590.0	8.880518907528617e-10
9592.0302734375	4.985311979455671e-12
9600.0	3.304166234509486e-09
9602.033203125	4.136768839963781e-09
9610.0	1.5675531599911466e-08
9612.0361328125	1.858426721717419e-08
9620.0	3.751304645286333e-09
9622.0380859375	4.811334377437157e-12
9630.0	4.7644165388008155e-12
9632.041015625	4.7523314095012855e-12
9640.0	4.70512302305864e-12
9642.0439453125	4.692968599756191e-12
9650.0	4.645575959813466e-12
9652.046875	4.633356682732949e-12
9660.0	4.58579754354997e-12
9662.0498046875	4.573509448873533e-12
9670.0	4.525769326026443e-12
9672.0517578125	4.513419965744642e-12
9680.0	4.465500092531893e-12
9682.0546875	4.453082453059902e-12
9690.0	4.40498497942082e-12
9692.0576171875	4.392500745404733e-12
9700.0	4.344232797107477e-12
9702.060546875	4.331680852210184e-12
9710.0	4.283238883667609e-12
9712.0625	4.270625533456345e-12
9720.0	4.222005533449926e-12
9722.0654296875	4.209323810732014e-12
9730.0	4.1605285865826925e-12
9732.068359375	4.147780239913921e-12
9740.0	1.2704188036015619e-08
9742.0712890625	1.5970624221515137e-08
9750.0	3.273838606599295e-09
9752.0732421875	4.023982380647618e-12
9760.0	3.9746683688403094e-12
9762.076171875	3.961723127836658e-12
9770.0	3.9122426071777634e-12
9772.0791015625	3.899229737505429e-12
9780.0	3.84958019734917e-12
9782.08203125	3.8365001282801424e-12
9790.0	6.318737866834183e-09
9792.0849609375	7.953880965595009e-09
9800.0	1.6405478550645707e-09
9802.0869140625	3.709901235936183e-12
9810.0	3.65808301056467e-12
9812.08984375	3.644376198629616e-12
9820.0	3.592455011085059e-12
9822.0927734375	3.578697131087594e-12
9830.0	3.5266757368797475e-12
9832.095703125	3.5131566575847943e-12
9840.0	1.6510605736237936e-09
9842.09765625	2.08011594747945e-09
9850.0	4.330178598012545e-10
9852.1005859375	3.383708544561078e-12
9860.0	3.332375989701949e-12
9862.103515625	3.318681728886657e-12
9870.0	3.267218081885876e-12
9872.1064453125	3.253463174666599e-12
9880.0	3.201863848066564e-12
9882.109375	3.1880490796943875e-12
9890.0	1.1446488132475002e-08
9892.111328125	1.4444283284460515e-08
9900.0	3.0047070034668466e-09
9902.1142578125	3.055966993835467e-12
9910.0	3.0014560969830253e-12
9912.1171875	2.9874862221517e-12
9920.0	2.9354220770914595e-12
9922.1201171875	2.921394175760204e-12
9930.0	2.8692066583826275e-12
9932.1220703125	2.855127974255665e-12
9940.0	2.802813940066344e-12
9942.125	2.788679682443837e-12
9950.0	2.736252200162672e-12
9952.1279296875	2.722060559172749e-12
9960.0	2.6695136355752098e-12
9962.130859375	2.655267097039203e-12
9970.0	2.6026102487738765e-12
9972.1337890625	2.5883095423156517e-12
9980.0	2.0443080451614667e-09
9982.1357421875	2.583960184030497e-09
9990.0	5.428158280403963e-10
9992.138671875	2.4539150981991613e-12
10000.0	2.4009312520033045e-12
10002.140625	2.3885783351495996e-12
10010.0	2.3432317457220583e-12
10012.1435546875	2.330857701861665e-12
10020.0	2.28551342982109e-12
10022.1474609375	2.273113271752268e-12
10030.0	2.2277793926243537e-12
10032.150390625	2.214843933459717e-12
10040.0	2.6208532092238875e-10
10042.15234375	3.314441438327992e-10
10050.0	7.156961053822352e-11
10052.1552734375	2.097552548915546e-12
10060.0	2.0522943644682795e-12
10062.158203125	2.0398396735100334e-12
10070.0	1.994598382141978e-12
10072.16015625	1.9821328530206017e-12
10080.0	1.936905200451041e-12
10082.1630859375	1.9244238412033023e-12
10090.0	1.8792177836178884e-12
10092.166015625	1.866721765703166e-12
10100.0	1.8215414624169285e-12
10102.1689453125	1.809030828263971e-12
10110.0	1.763876464878881e-12
10112.1708984375	1.7513580064952491e-12
10120.0	1.7062280429354112e-12
10122.173828125	1.693293398640612e-12
10130.0	3.801872351855123e-09
10132.1767578125	4.82188998566251e-09
10140.0	1.0226566700409493e-09
10142.1787109375	1.576709268319369e-12
10150.0	1.5317243646168985e-12
10152.181640625	1.5191779791452428e-12
10160.0	1.4742346199549413e-12
10162.1845703125	1.4616776999733202e-12
10170.0	1.4167744812003657e-12
10172.1884765625	1.4042020333654486e-12
10180.0	1.3593466814441731e-12
10182.1904296875	1.3467716862974562e-12
10190.0	1.3019589940267073e-12
10192.193359375	1.2893751774222501e-12
10200.0	1.2446084578243103e-12
10202.1962890625	1.2372258078130268e-12
10210.0	1.2110331897064931e-12
10212.1982421875	1.2039568509888781e-12
10220.0	1.1788548559988212e-12
10222.201171875	1.1717729561841707e-12
10230.0	1.1466944567644883e-12
10232.2041015625	1.1396076831717178e-12
10240.0	1.1145550234587279e-12
10242.20703125	1.1074636107198454e-12
10250.0	1.0824375666637503e-12
10252.208984375	1.0753452760584571e-12
10260.0	1.0503448239790817e-12
10262.2119140625	1.0432484388587525e-12
10270.0	1.0182764065026737e-12
10272.21484375	1.0109264843132825e-12
10280.0	9.851328703711659e-13
10282.216796875	9.78040484138884e-13
10290.0	9.53153723928074e-13
10292.2197265625	9.460583186431709e-13
10300.0	9.21203477312143e-13
10302.22265625	9.141055857720654e-13
10310.0	8.892844156140228e-13
10312.2255859375	8.821840063044117e-13
10320.0	1.1556545729986626e-09
10322.2275390625	1.4742200489454782e-09
10330.0	3.1990295883896904e-10
10332.2314453125	8.184356420010059e-13
10340.0	7.93717971520993e-13
10342.234375	7.86414148215935e-13
10350.0	1.6152225079372337e-10
10352.236328125	2.0588019052120794e-10
10360.0	4.514955456594663e-11
10362.2392578125	7.222596122110308e-13
10370.0	6.976781094152967e-13
10372.2421875	6.905796899447449e-13
10380.0	4.655765052624791e-10
10382.244140625	5.936706537856793e-10
10390.0	8.961892297422731e-10
10392.2470703125	9.791574684415527e-10
10400.0	2.121235745417614e-10
10402.25	5.99062498998466e-13
10410.0	5.859613909236492e-13
10412.2529296875	5.823080957331182e-13
10420.0	2.990455523842489e-10
10422.2548828125	3.8344704367816106e-10
10430.0	8.506202835179851e-11
10432.2578125	5.49916196643599e-13
10440.0	5.374026926109241e-13
10442.2607421875	5.337507908844431e-13
10450.0	3.8443603198001883e-10
10452.2626953125	4.930738576938441e-10
10460.0	1.0928194278958203e-10
10462.265625	5.009116442567346e-13
10470.0	4.643904051917588e-11
10472.2685546875	5.946956294290691e-11
10480.0	5.511245366238425e-11
10482.2724609375	5.386037967275893e-11
10490.0	5.597707653474586e-11
10492.2744140625	5.656376482087331e-11
10500.0	1.2866013969145032e-11
10502.27734375	4.366062323214035e-13
10510.0	4.2388512129200623e-13
10512.2802734375	4.2024625154593383e-13
10520.0	2.9655727869545293e-10
10522.2822265625	3.8068551476914426e-10
10530.0	8.4626481050409e-11
10532.28515625	3.8837766506007095e-13
10540.0	2.779332479287252e-10
10542.2880859375	3.5677053712379827e-10
10550.0	7.930534833384377e-11
10552.291015625	3.565116410052646e-13
10560.0	3.439911189705737e-13
10562.29296875	3.403646828877223e-13
10570.0	3.2818584192068645e-13
10572.2958984375	3.2456053806822314e-13
10580.0	3.124057358625785e-13
10582.298828125	3.0878181761555957e-13
10590.0	2.9665180671328166e-13
10592.30078125	2.9303086395473116e-13
10600.0	2.809242166442171e-13
10602.3037109375	2.793486329500022e-13
10610.0	2.7409510674658283e-13
10612.306640625	2.7259711547248284e-13
10620.0	4.341081555775224e-12
10622.3095703125	5.532823204969554e-12
10630.0	1.455522350345234e-12
10632.3115234375	2.596321421203165e-13
10640.0	2.5466215750740766e-13
10642.3154296875	2.530979320596044e-13
10650.0	2.479167443233382e-13
10652.318359375	2.464239442049766e-13
10660.0	2.414823987954877e-13
10662.3203125	2.399911842144115e-13
10670.0	8.516881257810667e-11
10672.3232421875	1.1015992627911927e-10
10680.0	2.525349028215436e-11
10682.326171875	2.2716114502258707e-13
10690.0	2.222527886382638e-13
10692.3291015625	2.2070374567258274e-13
10700.0	1.0020065678377712e-10
10702.3310546875	1.296850431766897e-10
10710.0	2.97301312806592e-11
10712.333984375	2.0776268695311424e-13
10720.0	2.0289347803402626e-13
10722.3369140625	2.014106395906762e-13
10730.0	3.083562644927892e-10
10732.3388671875	3.99266828713104e-10
10740.0	9.121260624729966e-11
10742.341796875	1.8851989473418262e-13
10750.0	1.836898836450368e-13
10752.3447265625	1.822126235696823e-13
10760.0	1.7739419219524688e-13
10762.34765625	1.7591805317952017e-13
10770.0	1.7111112705001615e-13
10772.349609375	1.695889812070863e-13
10780.0	1.6464303549278306e-13
10782.3525390625	1.631714636612121e-13
10790.0	1.5839241288915553e-13
10792.3564453125	1.5692135563142102e-13
10800.0	1.521543304386784e-13
10802.3583984375	1.5104183596371843e-13
10810.0	1.474407133975842e-13
10812.361328125	1.4628758552217382e-13
10820.0	1.4256502137570865e-13
10822.3642578125	1.414557145444913e-13
10830.0	1.3787655012696257e-13
10832.3671875	1.3676813946075714e-13
10840.0	1.3319766255654514e-13
10842.369140625	1.3205283324662336e-13
10850.0	1.2837306108286325e-13
10852.3720703125	1.272683066146628e-13
10860.0	1.237191944505084e-13
10862.375	1.226154001774623e-13
10870.0	1.19075097479076e-13
10872.376953125	1.1797270299365006e-13
10880.0	1.1444069087516588e-13
10882.3798828125	1.1330637335496277e-13
10890.0	1.0968200688043641e-13
10892.3828125	1.0858278235000594e-13
10900.0	1.0507227277215233e-13
10902.3857421875	1.0397393352889547e-13
10910.0	1.0047190107511025e-13
10912.3876953125	9.937494934756885e-14
10920.0	9.588108470836055e-14
10922.390625	9.475731853491912e-14
10930.0	9.118787369566226e-14
10932.3935546875	9.009407126086802e-14
10940.0	8.662141720722143e-14
10942.396484375	8.552851123768383e-14
10950.0	3.3208114058003935e-12
10952.3994140625	4.283794772225792e-12
10960.0	1.0428071441823825e-12
10962.40234375	7.633093706622219e-14
10970.0	7.288748120086446e-14
10972.4052734375	7.179852253973243e-14
10980.0	6.836333634205148e-14
10982.4072265625	6.725565299574634e-14
10990.0	6.37692175776433e-14
10992.41015625	6.268062096411638e-14
11000.0	5.925639886652425e-14
11002.4130859375	5.854256730303253e-14
11004.8271484375	0.0
