WAVELENGTH	THROUGHPUT
1989.69287109375	0.0
1989.846435546875	8.173617894583692e-09
1990.0	1.9300626836950147e-08
1999.84814453125	5.17596216532815e-08
2000.0	5.3079154794619823e-08
2009.849853515625	1.3855776940550183e-07
2010.0	1.4108198076552474e-07
2019.8516845703125	3.08593467601426e-07
2020.0	3.136601587054904e-07
2029.853515625	6.534379156571084e-07
2030.0	6.617195375936859e-07
2039.8553466796875	1.2256614752947822e-06
2040.0	1.2384705454859378e-06
2049.857177734375	2.1207647097466683e-06
2050.0	2.141052982776309e-06
2059.85888671875	3.5636941186185284e-06
2060.0	3.599071497607114e-06
2069.86083984375	6.102086499509572e-06
2070.0	6.158202404008887e-06
2079.86279296875	1.0174516818805262e-05
2080.0	1.0245166695899832e-05
2089.86474609375	1.5394892196686704e-05
2090.0	1.5486420357321065e-05
2099.86669921875	2.22409555294098e-05
2100.0	2.2315219352179543e-05
2109.86865234375	2.8466183365303046e-05
2110.0	2.8525372041241468e-05
2119.87060546875	3.309630244428089e-05
2120.0	3.311956594815533e-05
2129.87255859375	3.4891448523916855e-05
2130.0	3.4848258752788905e-05
2139.87451171875	3.139805641816141e-05
2140.0	3.132376607889548e-05
2149.876708984375	2.526511367277273e-05
2150.0	2.5177283014232868e-05
2159.878662109375	1.7899829978981843e-05
2160.0	1.7817335859418218e-05
2169.880615234375	1.0869440831913271e-05
2170.0	1.080557718150032e-05
2179.8828125	5.361537209658683e-06
2180.0	5.322707878634845e-06
2189.884765625	1.9464010901060884e-06
2190.0	1.9319333649321525e-06
2199.886962890625	6.53067678824319e-07
2200.0	6.49058914176575e-07
2209.888916015625	2.884779977388531e-07
2210.0	2.874433405400991e-07
2219.89111328125	1.924652428008998e-07
2220.0	1.9212666151529847e-07
2229.893310546875	1.6025209945643894e-07
2230.0	1.6004365162991726e-07
2239.8955078125	1.3926745409263912e-07
2240.0	1.3928078205913184e-07
2249.8974609375	1.4034039072820747e-07
2250.0	1.4041054660723455e-07
2259.899658203125	1.4737346414487648e-07
2260.0	1.4743036370329935e-07
2269.90185546875	1.530689581898522e-07
2270.0	1.5353937490913506e-07
2279.904052734375	2.0195287033206303e-07
2280.0	2.0296050669312578e-07
2289.90625	3.088149579692029e-07
2290.0	3.160477868146595e-07
2300.0	1.1039697338430728e-06
2310.0	1.9130276430936773e-06
2320.0	2.7447766841079455e-06
2330.0	3.595604207050565e-06
2340.0	4.471199118303039e-06
2350.0	5.368818006542821e-06
2352.52001953125	5.598393722781592e-06
2352.719970703125	1.4823187644496653e-05
2353.1201171875	1.6478905248443395e-06
2353.3203125	9.889955953136103e-07
2353.520263671875	1.121157363434085e-05
2353.72021484375	5.937104249653385e-06
2354.120361328125	4.290171472185605e-06
2354.3203125	1.3204006578997811e-06
2354.5205078125	1.3207491386583302e-06
2354.720458984375	5.944938316049597e-06
2354.92041015625	3.3036134635376846e-07
2355.12060546875	5.617625368276451e-06
2355.320556640625	5.949640808041325e-06
2355.520751953125	5.6205873742175665e-06
2355.720703125	1.3228392702470098e-06
2355.9208984375	5.292752267773454e-06
2356.32080078125	5.295539779518313e-06
2356.52099609375	4.965877162140195e-06
2356.720947265625	6.622912143659029e-06
2356.9208984375	3.6435606904055984e-06
2357.12109375	1.8885244166123917e-05
2357.321044921875	1.6570359752154332e-06
2357.52099609375	8.950348825499678e-06
2357.72119140625	1.2600104043453672e-05
2357.921142578125	3.316688844480815e-06
2358.12109375	2.322292832831216e-06
2358.3212890625	1.0287147628044038e-05
2358.521240234375	1.1949505799078582e-05
2358.721435546875	5.64430742141723e-06
2358.92138671875	9.963159088284991e-06
2359.12158203125	1.0962359126638488e-05
2359.321533203125	1.1297520343965883e-05
2359.521484375	1.2297589797643956e-05
2359.7216796875	1.4295551376835365e-05
2359.921630859375	9.976259864779264e-06
2360.0	8.673782728984326e-06
2360.12158203125	6.652498526284158e-06
2360.32177734375	1.0313860504701448e-05
2360.521728515625	6.322920194022541e-06
2360.7216796875	1.131742533291903e-05
2360.921875	9.322478377817168e-06
2361.121826171875	1.1988929832069743e-05
2361.322021484375	8.993863745762467e-06
2361.52197265625	1.0995145666239628e-05
2361.72216796875	8.998195472386515e-06
2361.922119140625	1.8334067192813753e-05
2362.1220703125	6.668536872903389e-06
2362.322265625	1.8009386646374344e-05
2362.522216796875	1.2342732964343247e-05
2362.722412109375	1.167836835673749e-05
2362.92236328125	1.3683663481403017e-05
2363.122314453125	1.7025234479916265e-05
2363.322509765625	1.3690246415938584e-05
2363.5224609375	1.1689604084508482e-05
2363.722412109375	1.9710068928161392e-05
2363.922607421875	6.014687726249608e-06
2364.12255859375	1.4706101363914467e-05
2364.322509765625	1.3372392646780314e-05
2364.522705078125	1.1034877329622802e-05
2364.72265625	1.2040938955013825e-05
2364.9228515625	1.3716586959087012e-05
2365.122802734375	1.673156000325964e-05
2365.322998046875	1.573144712844584e-05
2365.52294921875	1.607001398798192e-05
2365.722900390625	1.7078486111797623e-05
2365.923095703125	2.177192602009431e-05
2366.123046875	1.9431916096648756e-05
2366.322998046875	2.4463279252568294e-05
2366.523193359375	1.2402173189840127e-05
2366.72314453125	2.246337304780622e-05
2366.923095703125	1.475560282838453e-05
2367.123291015625	1.7778059392241513e-05
2367.3232421875	2.2479536633135213e-05
2367.5234375	2.0135757189308456e-05
2367.723388671875	1.6783818320920437e-05
2367.92333984375	2.1488433012601532e-05
2368.12353515625	1.3769329612065616e-05
2368.323486328125	1.4108545836906066e-05
2368.523681640625	2.419187717714086e-05
2368.7236328125	2.3861590695713806e-05
2368.923583984375	2.6556573104204997e-05
2369.123779296875	2.0510622760573946e-05
2369.32373046875	2.6905614432119015e-05
2369.523681640625	2.8594057257386154e-05
2369.723876953125	3.129275975319144e-05
2369.923828125	2.827118909467442e-05
2370.0	2.6991507987643608e-05
2370.123779296875	2.4911771162599905e-05
2370.323974609375	2.559159003368051e-05
2370.52392578125	3.502899899094795e-05
2370.72412109375	3.1332003111768124e-05
2370.924072265625	3.673181199791815e-05
2371.124267578125	2.6966001947398103e-05
2371.32421875	4.079647101838888e-05
2371.524169921875	2.596800191970248e-05
2371.724365234375	3.0697284542978996e-05
2371.92431640625	3.8803150530271944e-05
2372.12451171875	3.408797448945697e-05
2372.324462890625	3.747256134443348e-05
2372.5244140625	4.356027111499838e-05
2372.724609375	3.6816126022311674e-05
2372.924560546875	4.6623100722656646e-05
2373.12451171875	4.224181470531782e-05
2373.32470703125	4.394267871822554e-05
2373.524658203125	4.463006942381594e-05
2373.724609375	4.903792417137093e-05
2373.9248046875	5.108008121452208e-05
2374.124755859375	4.770941985783891e-05
2374.324951171875	5.449058586295689e-05
2374.52490234375	5.755126596643243e-05
2374.72509765625	5.55341743825989e-05
2374.925048828125	5.5886998509929084e-05
2375.125	5.7256379420551105e-05
2375.3251953125	5.727094415640383e-05
2375.525146484375	6.609864159574053e-05
2375.72509765625	5.5265723234061324e-05
2375.92529296875	6.104515064951407e-05
2376.125244140625	6.106065194346878e-05
2376.3251953125	6.98982623088352e-05
2376.525390625	6.652204802460926e-05
2376.725341796875	7.231017094253488e-05
2376.925537109375	7.232854539694457e-05
2377.12548828125	7.302620889581223e-05
2377.32568359375	7.066656186632246e-05
2377.525634765625	7.850055735600946e-05
2377.7255859375	7.920030457405821e-05
2377.92578125	8.8400466792011e-05
2378.125732421875	9.080349756288947e-05
2378.32568359375	8.708460053916257e-05
2378.52587890625	8.064175931636593e-05
2378.725830078125	8.746913527455417e-05
2378.92578125	9.634256605790917e-05
2379.1259765625	0.00010249636360830173
2379.325927734375	9.877567542723597e-05
2379.52587890625	0.00010459247372028525
2379.72607421875	0.00011109378802691503
2379.926025390625	0.00011044019360231339
2380.0	0.00011057650715543481
2380.126220703125	0.00011080897189566167
2380.326171875	0.00010776741408963072
2380.5263671875	0.00012314494634296308
2380.726318359375	0.00012385821664183755
2380.926513671875	0.000135151957231854
2381.12646484375	0.00013757547062518625
2381.326416015625	0.0001471709081731417
2381.526611328125	0.00014515852285571792
2381.7265625	0.00015851863223103786
2381.926513671875	0.0001619755332386063
2382.126708984375	0.0001558636393574405
2382.32666015625	0.000162056693973639
2382.526611328125	0.00017406646439909794
2382.726806640625	0.0001908711636015014
2382.9267578125	0.00019297181255404177
2383.126953125	0.00020054931717769937
2383.326904296875	0.00020299572430063916
2383.527099609375	0.00020715545293761465
2383.72705078125	0.00020994717527860173
2383.927001953125	0.00021822153559613423
2384.127197265625	0.0002288987185726199
2384.3271484375	0.0002529482989500463
2384.527099609375	0.00025335436325668484
2384.727294921875	0.0002561611032327117
2384.92724609375	0.00027371843156406915
2385.127197265625	0.0002792762819681699
2385.327392578125	0.0002892982802898888
2385.52734375	0.0003051606570069368
2385.727294921875	0.00031279051956655993
2385.927490234375	0.0003231717516963987
2386.12744140625	0.00034042845077027743
2386.32763671875	0.0003549449815710552
2386.527587890625	0.0003704997210508825
2386.727783203125	0.0003860623419583251
2386.927734375	0.00040128870057115396
2387.127685546875	0.00042959260178148376
2387.327880859375	0.0004455255565594415
2387.52783203125	0.00046077804307197205
2387.727783203125	0.0004743170687025814
2387.927978515625	0.0004950930589045256
2388.1279296875	0.0005083028816243157
2388.327880859375	0.0005311643043999883
2388.528076171875	0.0005654074262348269
2388.72802734375	0.000591396088137671
2388.92822265625	0.0006260158966202024
2389.128173828125	0.0006313439715985071
2389.328369140625	0.0006528849417185731
2389.5283203125	0.0006972051157543537
2389.728515625	0.0007360263111196655
2389.928466796875	0.0007679636812564135
2390.0	0.000776676437564151
2390.12841796875	0.0007923110421596668
2390.32861328125	0.0008239154378487056
2390.528564453125	0.0008686589376268517
2390.728515625	0.0009037495010692149
2390.9287109375	0.000977557750532868
2391.128662109375	0.000999555257635121
2391.32861328125	0.00105094774642361
2391.52880859375	0.0011117000652339005
2391.728759765625	0.0011738632294592782
2391.9287109375	0.0012319032297663118
2392.12890625	0.0012955063243813097
2392.328857421875	0.001357407425522167
2392.529052734375	0.0014120673163974156
2392.72900390625	0.0014733305497065014
2392.92919921875	0.0015876113595756915
2393.129150390625	0.0016666095722151194
2393.3291015625	0.0017470294150941958
2393.529296875	0.0018250602901681624
2393.729248046875	0.0019166453888471396
2393.92919921875	0.0020661765146040762
2394.12939453125	0.0021731182992318476
2394.329345703125	0.002290861565071313
2394.529296875	0.0024100459037103093
2394.7294921875	0.002511932843618573
2394.929443359375	0.0026402467089940117
2395.129638671875	0.0028651429536873814
2395.32958984375	0.003015126972749774
2395.52978515625	0.00318949459668771
2395.729736328125	0.0033503910626878487
2395.9296875	0.003557928003720864
2396.1298828125	0.0038131812883815683
2396.329833984375	0.00405777122306416
2396.52978515625	0.004239874969263384
2396.72998046875	0.004498934937006533
2396.929931640625	0.0047389757215572205
2397.1298828125	0.005000352492341249
2397.330078125	0.005363139370291188
2397.530029296875	0.005688836884514899
2397.730224609375	0.00603348679591872
2397.93017578125	0.006372718856920223
2398.13037109375	0.0067706358799979145
2398.330322265625	0.007309164657107106
2398.5302734375	0.0078029742601001964
2398.73046875	0.008253780244252516
2398.930419921875	0.008689095140267427
2399.130615234375	0.009122168514232103
2399.33056640625	0.009835225624069811
2399.530517578125	0.010587336666831494
2399.730712890625	0.011192854056396846
2399.9306640625	0.01189115381417565
2400.0	0.012112064558088815
2400.130615234375	0.012526348525700108
2400.330810546875	0.01342412735637713
2400.53076171875	0.014414398252841678
2400.730712890625	0.015113133374662765
2400.930908203125	0.015898775776876144
2401.130859375	0.01674968178331419
2401.3310546875	0.01755937000312013
2401.531005859375	0.018663324198665867
2401.731201171875	0.019760967137500224
2401.93115234375	0.020850200913323978
2402.131103515625	0.021891232816629632
2402.331298828125	0.022840081183900587
2402.53125	0.024211627905700462
2402.731201171875	0.02567598949154909
2402.931396484375	0.026693165747330893
2403.13134765625	0.027824802017517577
2403.331298828125	0.028945942730406495
2403.531494140625	0.03001294047788906
2403.7314453125	0.031486205607602756
2403.931640625	0.03292033497054082
2404.131591796875	0.03399387045532193
2404.331787109375	0.03502445354682322
2404.53173828125	0.03611608201707223
2404.731689453125	0.037419189409264454
2404.931884765625	0.03848597783627789
2405.1318359375	0.03928713714540286
2405.331787109375	0.04008688142863688
2405.531982421875	0.04084542213427874
2405.73193359375	0.04162802223313927
2405.931884765625	0.042400129126408066
2406.132080078125	0.04315476850828144
2406.33203125	0.04378724015655464
2406.5322265625	0.044351646799226215
2406.732177734375	0.044812740634813386
2406.93212890625	0.045442019319097623
2407.13232421875	0.04598090513958085
2407.332275390625	0.046172208318643035
2407.532470703125	0.0464936727798303
2407.732421875	0.04671950982426957
2407.9326171875	0.0469627831180214
2408.132568359375	0.04721303603983706
2408.33251953125	0.0474039668787131
2408.53271484375	0.0474382126793347
2408.732666015625	0.047639595783125877
2408.9326171875	0.04762952665857478
2409.1328125	0.04767877682496348
2409.332763671875	0.047737089857660356
2409.53271484375	0.047857164306014076
2409.73291015625	0.04779196792303234
2409.932861328125	0.04774561187010245
2410.0	0.04778178225751332
2410.133056640625	0.04785340869567071
2410.3330078125	0.04782545723226733
2410.533203125	0.04785821653009571
2410.733154296875	0.047815261043519984
2410.93310546875	0.047892677467489764
2411.13330078125	0.04782425379258432
2411.333251953125	0.04800073651419071
2411.533203125	0.04799023051274293
2411.7333984375	0.04802890548162607
2411.933349609375	0.04799013929652199
2412.13330078125	0.048099979801856645
2412.33349609375	0.04802284003174323
2412.533447265625	0.04818883406307545
2412.733642578125	0.04821808604634887
2412.93359375	0.04842314815671912
2413.1337890625	0.04848203531997943
2413.333740234375	0.048570578269109675
2413.53369140625	0.048756782721728724
2413.73388671875	0.04882125135090247
2413.933837890625	0.04889339108745748
2414.1337890625	0.04904958475313311
2414.333984375	0.049186940467430745
2414.533935546875	0.049312073057197515
2414.73388671875	0.04950731475921798
2414.93408203125	0.049570371029307475
2415.134033203125	0.049780247330940046
2415.334228515625	0.049966048890739204
2415.5341796875	0.050066060803420576
2415.734130859375	0.05043982564938157
2415.934326171875	0.05042264701273356
2416.13427734375	0.05071932341316073
2416.33447265625	0.05079803806269616
2416.534423828125	0.05096811785862878
2416.734619140625	0.05110402087449509
2416.9345703125	0.05133336597200571
2417.134521484375	0.051491219742258086
2417.334716796875	0.05174252277662989
2417.53466796875	0.05171800207020922
2417.734619140625	0.05187514301792894
2417.934814453125	0.05201101218190145
2418.134765625	0.052225672536870486
2418.334716796875	0.052354211120868244
2418.534912109375	0.05240917426727167
2418.73486328125	0.05253107385415406
2418.93505859375	0.05254349559628101
2419.135009765625	0.052649359925984296
2419.335205078125	0.05276079059769079
2419.53515625	0.05272927787110768
2419.735107421875	0.0528968390450922
2419.935302734375	0.05295421881912346
2420.0	0.05294199165983713
2420.13525390625	0.052916378787560996
2420.335205078125	0.05281925046689936
2420.535400390625	0.05294662392591491
2420.7353515625	0.05290004470537795
2420.935302734375	0.05283464477307459
2421.135498046875	0.05277725416869289
2421.33544921875	0.05277808733107225
2421.53564453125	0.05275731083081242
2421.735595703125	0.05270237103792486
2421.935791015625	0.05270075633357914
2422.1357421875	0.0525297460390894
2422.335693359375	0.05247934321835982
2422.535888671875	0.052439399052082836
2422.73583984375	0.052454173559097844
2422.935791015625	0.05231280747546366
2423.135986328125	0.05222545745503078
2423.3359375	0.05211337506243771
2423.535888671875	0.05198352083635981
2423.736083984375	0.05190211043538078
2423.93603515625	0.05178097216841484
2424.13623046875	0.051781113179033604
2424.336181640625	0.05155717760556741
2424.536376953125	0.051562209627845884
2424.736328125	0.051377660299677094
2424.936279296875	0.05127466147214447
2425.136474609375	0.05129118664993896
2425.33642578125	0.05115927026799489
2425.53662109375	0.051088683360806526
2425.736572265625	0.05112054948728697
2425.9365234375	0.05097226530853995
2426.13671875	0.05095395148243301
2426.336669921875	0.05100253734471871
2426.53662109375	0.05088527738720982
2426.73681640625	0.05085441749094055
2426.936767578125	0.05088349591922895
2427.13671875	0.05085228860308334
2427.3369140625	0.05101898120563124
2427.536865234375	0.050958162284738304
2427.737060546875	0.050937062152367214
2427.93701171875	0.051048346514216504
2428.13720703125	0.05116276400134444
2428.337158203125	0.0511280695174149
2428.537109375	0.05131390062175673
2428.7373046875	0.051279202736374895
2428.937255859375	0.051488710144494555
2429.13720703125	0.051400715136952886
2429.33740234375	0.05153252508204636
2429.537353515625	0.05163333205163287
2429.7373046875	0.05178115999365415
2429.9375	0.05183946141483318
2430.0	0.051874018239215315
2430.137451171875	0.05194830118434357
2430.337646484375	0.051969611423304245
2430.53759765625	0.05198570603612205
2430.73779296875	0.05209964044611277
2430.937744140625	0.05220416923930855
2431.1376953125	0.052172540098689775
2431.337890625	0.05220288709268891
2431.537841796875	0.052128782797129604
2431.73779296875	0.05209054631194489
2431.93798828125	0.05199487537468732
2432.137939453125	0.051886341540499786
2432.337890625	0.05163128779575737
2432.5380859375	0.05134494679641043
2432.738037109375	0.051089264248320894
2432.938232421875	0.050705903320907915
2433.13818359375	0.050250567866155615
2433.33837890625	0.04977232607494737
2433.538330078125	0.049344594032054545
2433.73828125	0.04886474057914836
2433.9384765625	0.04812473154086138
2434.138427734375	0.04703976347930254
2434.33837890625	0.046258932403355234
2434.53857421875	0.04549629100440163
2434.738525390625	0.04454003206156254
2434.938720703125	0.043470183085735845
2435.138671875	0.042036752257628866
2435.338623046875	0.040926526469091534
2435.538818359375	0.040061219469553995
2435.73876953125	0.038945017408188176
2435.93896484375	0.037719095318914465
2436.138916015625	0.03657294997399568
2436.339111328125	0.0348256066958603
2436.5390625	0.033592906170412384
2436.739013671875	0.0322804354777721
2436.939208984375	0.031163092197875674
2437.13916015625	0.029680322877575313
2437.339111328125	0.028247787430293696
2437.539306640625	0.027113558568871775
2437.7392578125	0.025820008865514433
2437.939208984375	0.024794482622977503
2438.139404296875	0.023674597523939987
2438.33935546875	0.022515264478624262
2438.53955078125	0.020873969212492106
2438.739501953125	0.01992579720468309
2438.939453125	0.018978095504936364
2439.1396484375	0.01795481334044714
2439.339599609375	0.016954932382993164
2439.539794921875	0.01579128992511729
2439.73974609375	0.014985423375678444
2439.939697265625	0.014150153384191589
2440.0	0.01397637961150916
2440.139892578125	0.01357344655275741
2440.33984375	0.01280385773039339
2440.539794921875	0.011960751461392883
2440.739990234375	0.01129891989803259
2440.93994140625	0.0106725554806415
2441.14013671875	0.010141351518803708
2441.340087890625	0.009538011647173581
2441.5400390625	0.008939934671232
2441.740234375	0.008429713654424771
2441.940185546875	0.00799866180379849
2442.140380859375	0.007642602736304326
2442.34033203125	0.007263677584410679
2442.540283203125	0.006883400873662091
2442.740478515625	0.006427526873251044
2442.9404296875	0.006021307961385409
2443.140380859375	0.005732038115313232
2443.340576171875	0.005452855448685612
2443.54052734375	0.005120974894676176
2443.740478515625	0.004807510148156348
2443.940673828125	0.004549223320518571
2444.140625	0.0043655303739678596
2444.3408203125	0.004160352677715269
2444.540771484375	0.003969760601013125
2444.740966796875	0.0037445089613360742
2444.94091796875	0.0035106100872109615
2445.14111328125	0.0033502439540589513
2445.341064453125	0.0031933603613175277
2445.541015625	0.003066655482759627
2445.7412109375	0.0028948931534848866
2445.941162109375	0.002706507073083424
2446.14111328125	0.002605151022343987
2446.34130859375	0.0024698332518516826
2446.541259765625	0.0023920690294026315
2446.7412109375	0.0022775714899800664
2446.94140625	0.002167590807145553
2447.141357421875	0.002053808458232832
2447.341552734375	0.0019684550632339238
2447.54150390625	0.0018515745788408788
2447.74169921875	0.001799159163247412
2447.941650390625	0.0017134840800941845
2448.1416015625	0.0016181155643144795
2448.341796875	0.0015577499761403582
2448.541748046875	0.0014953118823438035
2448.74169921875	0.0014356511295209246
2448.94189453125	0.0013555575014503492
2449.141845703125	0.0013135760510395208
2449.341796875	0.0012355742796789854
2449.5419921875	0.0012033012392074285
2449.741943359375	0.001137434945938765
2449.942138671875	0.0010933943653781417
2450.0	0.0010811519351811884
2450.14208984375	0.0010510891552192858
2450.34228515625	0.0010098267969097208
2450.542236328125	0.0009651055733736276
2450.7421875	0.0009241978194679246
2450.9423828125	0.000909955577228538
2451.142333984375	0.0008555513555817206
2451.34228515625	0.0008423526077979714
2451.54248046875	0.0007903804699445464
2451.742431640625	0.0007650698321094961
2451.9423828125	0.0007466849655374451
2452.142578125	0.0007002637214323204
2452.342529296875	0.0006756534605141709
2452.542724609375	0.000643431079932077
2452.74267578125	0.0006288630237313348
2452.94287109375	0.0006160268064916998
2453.142822265625	0.0005955783821670683
2453.343017578125	0.0005740938111292664
2453.54296875	0.0005387702184988778
2453.742919921875	0.0005307851832343777
2453.943115234375	0.0005075770014192776
2454.14306640625	0.0004944046250147521
2454.343017578125	0.0004736223388673175
2454.543212890625	0.0004514583612363381
2454.7431640625	0.0004452092144779811
2454.943115234375	0.0004237406594178967
2455.143310546875	0.00041576401434512714
2455.34326171875	0.0003956825590992156
2455.54345703125	0.00038079093825776336
2455.743408203125	0.00036036734781200993
2455.943603515625	0.00035447038398045123
2456.1435546875	0.00034961146940993594
2456.343505859375	0.0003340335221729576
2456.543701171875	0.0003284845291392114
2456.74365234375	0.0003118719176587908
2456.943603515625	0.000307707554719334
2457.143798828125	0.00030043205640083685
2457.34375	0.00029384874297521145
2457.543701171875	0.0002772411138955491
2457.743896484375	0.0002782643353370349
2457.94384765625	0.0002658069692314225
2458.14404296875	0.0002606092115770071
2458.343994140625	0.00024227844806849592
2458.544189453125	0.00024399440321656738
2458.744140625	0.00023154123056509852
2458.944091796875	0.00021978041651678096
2459.144287109375	0.00022149721329405315
2459.34423828125	0.00020835596352621706
2459.544189453125	0.00019798010713722642
2459.744384765625	0.00020453470762183258
2459.9443359375	0.00020279710151016844
2460.0	0.00019769693713462335
2460.144287109375	0.00018447490819219445
2460.344482421875	0.00018446219813624657
2460.54443359375	0.00017857751560799266
2460.74462890625	0.0001733843882729718
2460.944580078125	0.000167155925516307
2461.14453125	0.00016438170143175964
2461.3447265625	0.0001629891149817794
2461.544677734375	0.0001491661965581191
2461.744873046875	0.00015468020213886758
2461.94482421875	0.00015328857952386776
2462.14501953125	0.00014740923978984085
2462.344970703125	0.00014705390269355518
2462.544921875	0.00013634341019208202
2462.7451171875	0.00013495339930124598
2462.945068359375	0.00013356359803108603
2463.14501953125	0.00011906011254547912
2463.34521484375	0.00012043221583170159
2463.545166015625	0.00011317776940893379
2463.7451171875	0.00012283082187286115
2463.9453125	0.0001128171463292534
2464.145263671875	0.00011315435182625405
2464.345458984375	0.00011073182118812619
2464.54541015625	0.00010313561786466092
2464.74560546875	0.00010002429246319609
2464.945556640625	0.00010139694206778335
2465.1455078125	9.587212063468644e-05
2465.345703125	8.586514993278672e-05
2465.545654296875	8.930737234341343e-05
2465.74560546875	9.378352600787367e-05
2465.94580078125	8.515782570162053e-05
2466.145751953125	7.99807727771067e-05
2466.345703125	8.204358004017869e-05
2466.5458984375	7.68674483924659e-05
2466.745849609375	7.34154134499877e-05
2466.946044921875	7.444428328355615e-05
2467.14599609375	6.547887461463039e-05
2467.34619140625	6.926496268986887e-05
2467.546142578125	6.719271073110399e-05
2467.74609375	6.822173697241358e-05
2467.9462890625	6.304905797482118e-05
2468.146240234375	6.373371404819281e-05
2468.34619140625	6.441827883144253e-05
2468.54638671875	5.786910235638036e-05
2468.746337890625	5.99317120227889e-05
2468.9462890625	5.9238742498219644e-05
2469.146484375	4.85586290986517e-05
2469.346435546875	5.47538185365477e-05
2469.546630859375	4.820757205958114e-05
2469.74658203125	4.992581926453519e-05
2469.94677734375	5.646391175289785e-05
2470.0	5.27055758473566e-05
2470.146728515625	4.2345576971921116e-05
2470.3466796875	4.1310650025383674e-05
2470.546875	4.30297355925275e-05
2470.746826171875	4.8190850415631853e-05
2470.947021484375	4.061593521575812e-05
2471.14697265625	4.0269679838943824e-05
2471.346923828125	4.474180997108267e-05
2471.547119140625	3.33825701094714e-05
2471.7470703125	2.7874746993620332e-05
2471.947021484375	3.5099745688300405e-05
2472.147216796875	3.3721563055547524e-05
2472.34716796875	3.5784325810224735e-05
2472.54736328125	3.165374733895901e-05
2472.747314453125	2.9931911624090966e-05
2472.947509765625	3.577884852014264e-05
2473.1474609375	3.405697543783934e-05
2473.347412109375	3.061531488177758e-05
2473.547607421875	3.646132094372018e-05
2473.74755859375	3.4739673489746605e-05
2473.947509765625	3.370608235497815e-05
2474.147705078125	3.060906295955945e-05
2474.34765625	3.060750053912665e-05
2474.547607421875	2.751095282228888e-05
2474.747802734375	2.8541156056915237e-05
2474.94775390625	3.369747519743911e-05
2475.14794921875	2.8538239072248906e-05
2475.347900390625	2.337953384838436e-05
2475.548095703125	2.4065933671682514e-05
2475.748046875	1.7189074092953775e-05
2475.947998046875	1.5813139520764045e-05
2476.148193359375	1.6843569812043223e-05
2476.34814453125	2.3717283877202385e-05
2476.548095703125	2.1997514028160277e-05
2476.748291015625	2.6120710974927864e-05
2476.9482421875	2.0276885534837228e-05
2477.148193359375	2.817999062495687e-05
2477.348388671875	2.4398499795669104e-05
2477.54833984375	2.4740874446546925e-05
2477.74853515625	2.64576321003586e-05
2477.948486328125	2.370757475922638e-05
2478.148681640625	1.992708450241967e-05
2478.3486328125	1.4085666456596292e-05
2478.548583984375	2.5078074450572927e-05
2478.748779296875	1.9924022173466325e-05
2478.94873046875	1.5457502058931593e-05
2479.148681640625	1.854805178335285e-05
2479.348876953125	2.026442563572401e-05
2479.548828125	1.6485467381446922e-05
2479.748779296875	1.648462243519792e-05
2479.948974609375	1.3736478604388699e-05
2480.0	1.4086834870732846e-05
2480.14892578125	1.510935368966813e-05
2480.34912109375	1.7168838211779034e-05
2480.549072265625	1.716795828431008e-05
2480.749267578125	2.6437298080295613e-05
2480.94921875	1.819616950805456e-05
2481.1494140625	2.1628299142309414e-05
2481.349365234375	1.2358394570808031e-05
2481.54931640625	1.6133743312164444e-05
2481.74951171875	2.3341238681808952e-05
2481.949462890625	1.544561449579577e-05
2482.1494140625	1.8877004004976708e-05
2482.349609375	1.613043026639515e-05
2482.549560546875	2.2306895712854395e-05
2482.74951171875	1.0638127417113494e-05
2482.94970703125	1.5784795473396304e-05
2483.149658203125	1.338207507211441e-05
2483.349853515625	1.8184961557955323e-05
2483.5498046875	8.234276956554461e-06
2483.75	1.681078282141258e-05
2483.949951171875	1.6123801188272198e-05
2484.14990234375	2.195468307830994e-05
2484.35009765625	1.4407021102737406e-05
2484.550048828125	1.4749285961340869e-05
2484.75	7.545758759331976e-06
2484.9501953125	1.5776681924125284e-05
2485.150146484375	1.1660427634253495e-05
2485.35009765625	1.0631019018741826e-05
2485.55029296875	1.5774246467929116e-05
2485.750244140625	1.543053521490498e-05
2485.950439453125	1.0972258669242819e-05
2486.150390625	7.88590513905978e-06
2486.3505859375	8.914042625516121e-06
2486.550537109375	3.085471392341881e-06
2486.75048828125	1.0627187368453826e-05
2486.95068359375	1.0626639388158655e-05
2487.150634765625	1.5082195028007543e-05
2487.3505859375	6.512429984222635e-06
2487.55078125	1.9193540927178826e-05
2487.750732421875	1.5079862887779346e-05
2487.95068359375	6.8541291527361725e-06
2488.15087890625	7.539153710668717e-06
2488.350830078125	5.482737641380821e-06
2488.551025390625	1.0279603624930538e-06
2488.7509765625	6.167444093850966e-06
2488.951171875	1.2676869103140555e-05
2489.151123046875	6.5094071805690224e-06
2489.351318359375	8.564567211308836e-06
2489.55126953125	1.9868770468645518e-05
2489.751220703125	8.221136577248271e-06
2489.951416015625	4.110355847892475e-06
2490.0	5.52515546700627e-06
2490.1513671875	9.93270948578272e-06
2490.551513671875	1.712296740180567e-06
2490.75146484375	5.478966881347261e-06
2490.951416015625	7.87546488595811e-06
2491.151611328125	1.2668341207473037e-05
2491.3515625	9.586182475950135e-06
2491.5517578125	6.846793817646666e-06
2491.751708984375	3.7654738354191897e-06
2491.951904296875	1.5060841429329539e-05
2492.15185546875	5.476286266407506e-06
2492.351806640625	9.925075411413902e-06
2492.552001953125	9.92438070919608e-06
2492.951904296875	2.3952052230023395e-06
2493.152099609375	1.026444723142043e-06
2493.35205078125	6.158237605533248e-06
2493.552001953125	6.157806856060194e-06
2493.752197265625	6.841527555371879e-06
2493.9521484375	4.104629855105578e-06
2494.15234375	1.2997082609206804e-05
2494.352294921875	4.446059517861057e-06
2500.0	4.083648853616086e-06
2510.0	3.436714727419449e-06
2520.0	2.797322903419959e-06
2530.0	2.1634772400499272e-06
2540.0	1.539733216964179e-06
2549.96533203125	9.256308215542038e-07
2550.0	9.248859372172255e-07
2559.9677734375	7.113627210265777e-07
2560.0	7.109285867929677e-07
2569.969970703125	5.780853298449253e-07
2570.0	5.778350246415668e-07
2579.972412109375	4.952149318168742e-07
2580.0	4.950100349877516e-07
2589.974853515625	4.209956538671752e-07
2590.0	4.208812199608768e-07
2599.97705078125	3.761375981865495e-07
2600.0	3.7607388067649334e-07
2609.9794921875	3.4683853899118323e-07
2610.0	3.467329898826148e-07
2619.98193359375	2.9562784779340976e-07
2620.0	2.9556404576745054e-07
2629.984375	2.609390588585486e-07
2630.0	2.6089018557808933e-07
2639.986572265625	2.3008867035917335e-07
2640.0	2.3004923555786045e-07
2649.989013671875	2.0083342344916382e-07
2650.0	2.0079717139459774e-07
2659.991455078125	1.6836348277755987e-07
2660.0	1.6834712905819035e-07
2669.993896484375	1.4942020842548179e-07
2670.0	1.4942009929508464e-07
2679.99609375	1.4908287934912805e-07
2680.0	1.4907940441316924e-07
2689.99853515625	1.4040304102762567e-07
2690.0	1.4040279549239297e-07
2700.0	1.3872261537434086e-07
2700.0009765625	1.3872260539547949e-07
2710.0	1.4684138118616867e-07
2710.00341796875	1.468441989024312e-07
2720.0	1.6412893087666521e-07
2720.005859375	1.6413905891297034e-07
2730.0	1.8639645920313554e-07
2730.00830078125	1.8641479895927328e-07
2740.0	2.406826368010166e-07
2740.0107421875	2.407411446859604e-07
2750.0	3.110752981143279e-07
2750.01318359375	3.1116772084724003e-07
2760.0	4.700593205171539e-07
2760.015625	4.7030827729256495e-07
2770.0	7.001316233366254e-07
2770.01806640625	7.005473416386071e-07
2780.0	1.0805378839793566e-06
2780.0205078125	1.0813162896787294e-06
2790.0	1.6260281961920903e-06
2790.02294921875	1.627282660084221e-06
2800.0	2.2896531569418585e-06
2800.025390625	2.291367678110581e-06
2810.0	2.96862029847495e-06
2810.02783203125	2.970511382977451e-06
2820.0	3.620723233309382e-06
2820.0302734375	3.6227145049245697e-06
2830.0	3.992955144562325e-06
2830.03271484375	3.994150006010966e-06
2840.0	4.173321750312513e-06
2840.03515625	4.1739686574873805e-06
2850.0	4.0508993526556135e-06
2850.03759765625	4.050433192950096e-06
2860.0	3.748873455181842e-06
2860.0400390625	3.7476433404443725e-06
2870.0	3.331396938382401e-06
2870.04248046875	3.329629416274076e-06
2880.0	2.9394411286702566e-06
2880.044921875	2.9376623868324314e-06
2890.0	2.6125052657028547e-06
2890.04736328125	2.610965172442029e-06
2900.0	2.2650286226065114e-06
2900.0498046875	2.26333745542983e-06
2910.0	1.9963081916724637e-06
2910.05224609375	1.9948853467798265e-06
2920.0	1.7733005716159449e-06
2920.0546875	1.7720824322144308e-06
2930.0	1.5558373012406972e-06
2930.057373046875	1.5545717801572966e-06
2940.0	1.351977106493708e-06
2940.059814453125	1.3507570535883917e-06
2950.0	1.2481182444775577e-06
2950.062255859375	1.2474701503193884e-06
2960.0	1.103664739714789e-06
2960.064697265625	1.1027147212898498e-06
2970.0	1.0003709211639875e-06
2970.067138671875	9.996804844776688e-07
2980.0	9.182196768916004e-07
2980.069580078125	9.176387432407576e-07
2990.0	8.547067319901834e-07
2990.072265625	8.542510717798265e-07
3000.0	8.16179997011818e-07
3000.07470703125	8.15845909562322e-07
3010.0	7.765549157844218e-07
3010.0771484375	7.762548812032928e-07
3020.0	7.574967257343734e-07
3020.07958984375	7.573460885747964e-07
3030.0	7.587510524043218e-07
3030.082275390625	7.587567613552279e-07
3040.0	7.390376417685529e-07
3040.084716796875	7.388747888046153e-07
3050.0	7.473699760984868e-07
3050.087158203125	7.474388454017542e-07
3060.0	7.173785426086977e-07
3060.089599609375	7.171126211928211e-07
3070.0	7.385792815832221e-07
3070.09228515625	7.387731775864374e-07
3080.0	7.72198743871503e-07
3080.0947265625	7.725247353529818e-07
3090.0	7.921953323982307e-07
3090.09716796875	7.923814873678632e-07
3100.0	8.209848167265143e-07
3100.099609375	8.212797180477931e-07
3110.0	8.951873809832989e-07
3110.102294921875	8.959514706382334e-07
3120.0	9.468767168893016e-07
3120.104736328125	9.47407055982074e-07
3130.0	9.744979355223618e-07
3130.107177734375	9.748005590973853e-07
3140.0	1.12963860737165e-06
3140.10986328125	1.1313481264606717e-06
3150.0	1.2422397091240896e-06
3150.1123046875	1.243510952933872e-06
3160.0	1.465552960592063e-06
3160.11474609375	1.4681162466665893e-06
3170.0	1.662430593353876e-06
3170.1171875	1.6647507877104345e-06
3180.0	1.914378977073982e-06
3180.119873046875	1.9173881728148422e-06
3190.0	2.303632069546656e-06
3190.122314453125	2.308437339166265e-06
3200.0	2.841303300660982e-06
3200.125	2.8479788125346932e-06
3210.0	3.6650446669579812e-06
3210.12744140625	3.6756157748587117e-06
3220.0	4.7213996668826436e-06
3220.1298828125	4.735095958177467e-06
3230.0	6.466777314018527e-06
3230.132568359375	6.49007877794002e-06
3240.0	9.270165860069912e-06
3240.135009765625	9.308071807667156e-06
3250.0	1.4259102995323023e-05
3250.1376953125	1.4328284709229907e-05
3260.0	2.3742514703820276e-05
3260.14013671875	2.3875913762331474e-05
3270.0	4.5298194089731434e-05
3270.142578125	4.5608099341351966e-05
3280.0	8.35419109755534e-05
3280.145263671875	8.40995283379682e-05
3290.0	0.0001383005561447831
3290.147705078125	0.00013911357712349836
3300.0	0.0002014744111832318
3300.150390625	0.00020242309652495158
3310.0	0.00025721854677968287
3310.15283203125	0.0002580710493563896
3320.0	0.0002964666538491924
3320.1552734375	0.000297067671048431
3330.0	0.00029633714557559317
3330.157958984375	0.0002963295702987388
3340.0	0.0002626123047546027
3340.160400390625	0.00026205939683532613
3350.0	0.00021910236136005884
3350.1630859375	0.00021839454340352713
3360.0	0.00016956230478076722
3360.16552734375	0.00016873860986039993
3370.0	0.00012603868632377922
3370.168212890625	0.00012531125562814522
3380.0	0.0001003045847973962
3380.170654296875	9.986928810779561e-05
3390.0	9.018208961141124e-05
3390.173095703125	9.00131168679458e-05
3400.0	8.727763981105284e-05
3400.17578125	8.721950140023762e-05
3410.0	9.040691499645744e-05
3410.17822265625	9.046570945171144e-05
3420.0	9.965323456400566e-05
3420.180908203125	9.981983932867954e-05
3430.0	0.00011351256576162926
3430.183349609375	0.00011376816966044636
3440.0	0.00013132447469577798
3440.18603515625	0.000131652981500031
3450.0	0.00015274301429593864
3450.188720703125	0.0001531482180555934
3460.0	0.0001735616921833508
3460.191162109375	0.00017395399096910928
3470.0	0.00019158114030240763
3470.193603515625	0.00019192650182998128
3480.0	0.00020167928105056346
3480.1962890625	0.00020187644577651052
3490.0	0.00019809018911085845
3490.19873046875	0.00019801031156152575
3500.0	0.00018977348137021725
3500.201416015625	0.00018960859305173724
3510.0	0.00016869411801653062
3510.2041015625	0.00016825803355774717
3520.0	0.00014741952768765936
3520.20654296875	0.0001469858189398687
3530.0	0.0001229139044941118
3530.208984375	0.00012240113017363997
3540.0	0.0001022430760064823
3540.211669921875	0.00010181222319723906
3550.0	8.550616445756432e-05
3550.21435546875	8.514969151345715e-05
3560.0	7.375581904398299e-05
3560.216796875	7.350516539544586e-05
3570.0	6.4674801150642e-05
3570.219482421875	6.447932570702672e-05
3580.0	5.973915656119223e-05
3580.221923828125	5.963109167236244e-05
3590.0	5.5942898255077274e-05
3590.224609375	5.585984311302942e-05
3600.0	5.404224001775583e-05
3600.22705078125	5.40111814938661e-05
3610.0	5.3180317130888575e-05
3610.229736328125	5.316180899213229e-05
3620.0	5.4396064685681276e-05
3620.232421875	5.442440508659504e-05
3630.0	5.713836121891203e-05
3630.23486328125	5.720355422365893e-05
3640.0	6.0650062310253044e-05
3640.237548828125	6.073532985975618e-05
3650.0	6.46241197038877e-05
3650.239990234375	6.471863276193287e-05
3660.0	7.014554460483208e-05
3660.24267578125	7.028223912117162e-05
3670.0	7.537550051929912e-05
3670.2451171875	7.550219878516596e-05
3680.0	7.994283768463311e-05
3680.247802734375	8.005586567132644e-05
3690.0	8.305653061488248e-05
3690.25048828125	8.313556198339462e-05
3700.0	8.413181924823983e-05
3700.2529296875	8.415587665094598e-05
3710.0	8.253856073233665e-05
3710.255615234375	8.249788614118622e-05
3720.0	7.933342271165344e-05
3720.25830078125	7.924750696560125e-05
3730.0	7.478561773908352e-05
3730.2607421875	7.466595046694886e-05
3740.0	6.778520845251247e-05
3740.26318359375	6.760043191765404e-05
3750.0	6.156162953086144e-05
3750.265869140625	6.139483721788843e-05
3760.0	5.375282515929574e-05
3760.2685546875	5.3542813717394806e-05
3770.0	4.668541240479118e-05
3770.27099609375	4.6492801925930345e-05
3780.0	4.111056409440551e-05
3780.273681640625	4.095885486130863e-05
3790.0	3.73584490158954e-05
3790.2763671875	3.7256829893216536e-05
3800.0	3.3630350920035457e-05
3800.27880859375	3.3528915926976104e-05
3810.0	3.126998553483143e-05
3810.281494140625	3.1204155637908846e-05
3820.0	2.9102723979240673e-05
3820.2841796875	2.9041602451336246e-05
3830.0	2.7251422287575205e-05
3830.28662109375	2.719754832204081e-05
3840.0	2.6113476244814474e-05
3840.289306640625	2.608162813376617e-05
3850.0	2.5542587465837905e-05
3850.2919921875	2.5525593281354444e-05
3860.0	2.5538489984348138e-05
3860.29443359375	2.55388553254963e-05
3870.0	2.5492592717152797e-05
3870.297119140625	2.549179750694083e-05
3880.0	2.6157493941850804e-05
3880.2998046875	2.6177484315440315e-05
3890.0	2.6579301920838934e-05
3890.30224609375	2.65918603433791e-05
3900.0	2.7750569455716367e-05
3900.304931640625	2.7787905150755374e-05
3910.0	2.9284539634871035e-05
3910.3076171875	2.9331507058230982e-05
3920.0	3.0418550853823587e-05
3920.31005859375	3.0453480565804e-05
3930.0	3.2185495431767433e-05
3930.312744140625	3.2242534762918145e-05
3940.0	3.3365375536477515e-05
3940.3154296875	3.340120887017839e-05
3950.0	3.499036066749545e-05
3950.318115234375	3.504279504123311e-05
3960.0	3.6013884552360445e-05
3960.320556640625	3.604716052975212e-05
3970.0	3.672260569155162e-05
3970.3232421875	3.674422048164275e-05
3980.0	3.700875078712256e-05
3980.32568359375	3.7017653144897306e-05
3990.0	3.590521013027956e-05
3990.328369140625	3.586822334900616e-05
4000.0	3.531088768605055e-05
4000.3310546875	3.5286288395836706e-05
4010.0	3.318055639175176e-05
4010.33349609375	3.3107807619237904e-05
4020.0	3.1104556815498094e-05
4020.336181640625	3.1035674500015455e-05
4030.0	2.8542843245428662e-05
4030.3388671875	2.845499532134004e-05
4040.0	2.616890429285992e-05
4040.341552734375	2.6087911445951813e-05
4050.0	2.410451203508841e-05
4050.343994140625	2.4034430690100748e-05
4060.0	2.1662640771672874e-05
4060.3466796875	2.1576590018979635e-05
4070.0	2.0063272953373507e-05
4070.349365234375	2.0008388638326757e-05
4080.0	1.812898217805987e-05
4080.351806640625	1.806087739333755e-05
4090.0	1.673698714285803e-05
4090.3544921875	1.6687692894730468e-05
4100.0	1.552803787819486e-05
4100.357421875	1.548497684757371e-05
4110.0	1.4417693373152411e-05
4110.35986328125	1.4378224023278762e-05
4120.0	1.3600606768175655e-05
4120.3623046875	1.3570871521629336e-05
4130.0	1.291663250618661e-05
4130.365234375	1.2891787482525664e-05
4140.0	1.216100715106839e-05
4140.36767578125	1.2133064098588376e-05
4150.0	1.1684645159645097e-05
4150.3701171875	1.1667749672794258e-05
4160.0	1.1191294611832405e-05
4160.373046875	1.1172425507912212e-05
4170.0	1.121204196861847e-05
4170.37548828125	1.1213584879052168e-05
4180.0	1.1020352847655112e-05
4180.3779296875	1.1013103730591058e-05
4190.0	1.0873136741726002e-05
4190.380859375	1.086722164971333e-05
4200.0	1.0764096903448824e-05
4200.38330078125	1.075997600460439e-05
4210.0	1.0666460800830164e-05
4210.38623046875	1.0662694106558858e-05
4220.0	1.0742502436993933e-05
4220.388671875	1.0746089878472496e-05
4230.0	1.1007461175980003e-05
4230.39111328125	1.1017585740618123e-05
4240.0	1.109679895534723e-05
4240.39404296875	1.1100047620400558e-05
4250.0	1.1219417435533353e-05
4250.396484375	1.122472955191974e-05
4260.0	1.1382190647879884e-05
4260.3994140625	1.1388360079365591e-05
4270.0	1.162059517956637e-05
4270.40185546875	1.1630325966932615e-05
4280.0	1.1806865277046958e-05
4280.404296875	1.1814307673552304e-05
4290.0	1.1795681806447295e-05
4290.4072265625	1.1795296959483526e-05
4300.0	1.1969480326606619e-05
4300.40966796875	1.1976511417724216e-05
4310.0	1.1912893355891398e-05
4310.412109375	1.1910152836741307e-05
4320.0	1.1799177067201218e-05
4320.4150390625	1.1794366094479936e-05
4330.0	1.1632222933994575e-05
4330.41748046875	1.1625564207394378e-05
4340.0	1.1470707244509465e-05
4340.42041015625	1.1463483488235603e-05
4350.0	1.1208059334575605e-05
4350.4228515625	1.1196766356911066e-05
4360.0	1.0948261028637743e-05
4360.42529296875	1.0937206953132114e-05
4370.0	1.0634526266227906e-05
4370.42822265625	1.0621357620867522e-05
4380.0	9.950682878565546e-06
4380.4306640625	9.92007591028586e-06
4390.0	9.730715123675346e-06
4390.43359375	9.722122083216564e-06
4400.0	9.283552141757746e-06
4400.43603515625	9.263536287523163e-06
4410.0	8.829148003730836e-06
4410.4384765625	8.809206925762823e-06
4420.0	8.311664616491775e-06
4420.44140625	8.288976787619767e-06
4430.0	7.917298057023761e-06
4430.44384765625	7.89983526420601e-06
4440.0	7.605576293682506e-06
4440.4462890625	7.591809120388677e-06
4450.0	7.142297558595946e-06
4450.44921875	7.121125783248514e-06
4460.0	6.908678572454033e-06
4460.45166015625	6.898879753080751e-06
4470.0	6.6457752711904636e-06
4470.45458984375	6.633436962419776e-06
4480.0	6.250000383179122e-06
4480.45703125	6.231612164309108e-06
4490.0	5.982403049637789e-06
4490.45947265625	5.970383742763988e-06
4500.0	5.834507184702394e-06
4500.46240234375	5.827634843421838e-06
4510.0	5.6490632944354985e-06
4510.46484375	5.640577145078086e-06
4520.0	5.48269697434599e-06
4520.4677734375	5.474721648581246e-06
4530.0	5.273786110662234e-06
4530.47021484375	5.263868320262363e-06
4540.0	5.1899477241095425e-06
4540.47265625	5.186279244156321e-06
4550.0	5.079776965921939e-06
4550.4755859375	5.07445701543325e-06
4560.0	5.002601524006209e-06
4560.47802734375	4.999196136137346e-06
4570.0	4.95560105148981e-06
4570.48095703125	4.953192059402912e-06
4580.0	4.894958292528387e-06
4580.4833984375	4.891999658028661e-06
4590.0	4.86100571703216e-06
4590.486328125	4.8594212253044065e-06
4600.0	4.8554974618505375e-06
4600.48876953125	4.855295319705235e-06
4610.0	4.827156302241931e-06
4610.4912109375	4.825903523489009e-06
4620.0	4.8546423553093446e-06
4620.494140625	4.855932426345196e-06
4630.0	4.8647731685671e-06
4630.49658203125	4.865181849258178e-06
4640.0	4.8716697217354085e-06
4640.49951171875	4.8720108258589176e-06
4650.0	4.916061174439581e-06
4650.501953125	4.918389704591639e-06
4660.0	5.044440568309388e-06
4660.50439453125	5.0511372311032345e-06
4670.0	5.085549217080875e-06
4670.50732421875	5.08760746939409e-06
4680.0	5.2135655889365114e-06
4680.509765625	5.220111362179262e-06
4690.0	5.332182015207063e-06
4690.5126953125	5.338237709444171e-06
4700.0	5.371349915475643e-06
4700.51513671875	5.373147981248597e-06
4710.0	5.553621848903957e-06
4710.51806640625	5.563482765499184e-06
4720.0	5.640258800792679e-06
4720.5205078125	5.644475751983856e-06
4730.0	5.714944648639671e-06
4730.5234375	5.718837115645446e-06
4740.0	5.819729415641584e-06
4740.52587890625	5.825590817828601e-06
4750.0	5.940579407564675e-06
4750.5283203125	5.946731883021863e-06
4760.0	6.1328744835142016e-06
4760.53125	6.143318466008924e-06
4770.0	6.143533461509698e-06
4770.53369140625	6.143545579689372e-06
4780.0	6.287631608599392e-06
4780.53662109375	6.2958022866611e-06
4790.0	6.348222638424726e-06
4790.5390625	6.351209119425622e-06
4800.0	6.338087365722327e-06
4800.54150390625	6.337336004535933e-06
4810.0	6.290593693406419e-06
4810.54443359375	6.288193421104777e-06
4820.0	6.324430612171124e-06
4820.546875	6.32623616775704e-06
4830.0	6.2686429371578825e-06
4830.5498046875	6.2652542871618865e-06
4840.0	6.243756134634712e-06
4840.55224609375	6.242499508994937e-06
4850.0	6.178605208275939e-06
4850.55517578125	6.1748486236895065e-06
4860.0	6.119232906837069e-06
4860.5576171875	6.115948010552999e-06
4870.0	5.961155494098409e-06
4870.56005859375	5.951972615706936e-06
4880.0	5.82349964623891e-06
4880.56298828125	5.815837335886189e-06
4890.0	5.67369089721114e-06
4890.5654296875	5.665444093452418e-06
4900.0	5.509550478432139e-06
4900.568359375	5.499883677466669e-06
4910.0	5.325940804062279e-06
4910.57080078125	5.315410276863408e-06
4920.0	5.136794132693638e-06
4920.57373046875	5.125924302450889e-06
4930.0	4.969545571324545e-06
4930.576171875	4.959986082464217e-06
4940.0	4.810607837227333e-06
4940.5791015625	4.801426574363388e-06
4950.0	4.65000733981341e-06
4950.58154296875	4.640658027805325e-06
4960.0	4.458827882235401e-06
4960.583984375	4.447549990359505e-06
4970.0	4.286859033056328e-06
4970.5869140625	4.2768404493489335e-06
4980.0	4.133007732095766e-06
4980.58935546875	4.1240008489566275e-06
4990.0	3.9513583890684705e-06
4990.59228515625	3.940688491979717e-06
5000.0	3.852972770081474e-06
5000.5947265625	3.8471668154054575e-06
5010.0	3.73056981581784e-06
5010.59765625	3.72316148470998e-06
5020.0	3.598058976731847e-06
5020.60009765625	3.590074803208194e-06
5030.0	3.5169119367627526e-06
5030.60302734375	3.5121703340613283e-06
5040.0	3.3817910164740623e-06
5040.60546875	3.373392655750311e-06
5050.0	3.3094950599043277e-06
5050.60791015625	3.3053609783183597e-06
5060.0	3.2244970012844284e-06
5060.61083984375	3.21923932330728e-06
5070.0	3.1130995054485748e-06
5070.61328125	3.1061685861164948e-06
5080.0	3.0351333344417543e-06
5080.6162109375	3.0304714521682354e-06
5090.0	3.007273927256507e-06
5090.61865234375	3.0057452083134237e-06
5100.0	2.9255292792161783e-06
5100.62158203125	2.9202158815222622e-06
5110.0	2.8497288007521008e-06
5110.6240234375	2.8450392347993137e-06
5120.0	2.8195077857795723e-06
5120.62646484375	2.8178017079267793e-06
5130.0	2.747836181822182e-06
5130.62939453125	2.743285594212225e-06
5140.0	2.7157046100912798e-06
5140.63232421875	2.7136978276315823e-06
5150.0	2.7107323053702253e-06
5150.634765625	2.710531686688895e-06
5160.0	2.703386905793476e-06
5160.63720703125	2.7029008669587976e-06
5170.0	2.6749211925046116e-06
5170.64013671875	2.6730078496776383e-06
5180.0	2.659128621818485e-06
5180.642578125	2.6581757400090598e-06
5190.0	2.6616708552712963e-06
5190.6455078125	2.6619121540505815e-06
5200.0	2.6238760151427436e-06
5200.64794921875	2.621242008932649e-06
5210.0	2.607338809015929e-06
5210.65087890625	2.606370864786819e-06
5220.0	2.6227770142638825e-06
5220.6533203125	2.6239226788335205e-06
5230.0	2.594584197892008e-06
5230.65576171875	2.592535857840419e-06
5240.0	2.623476854211436e-06
5240.65869140625	2.62565751666744e-06
5250.0	2.6283853815019093e-06
5250.66162109375	2.6285785645014802e-06
5260.0	2.6692155016091022e-06
5260.6640625	2.6721049679757067e-06
5270.0	2.6693445046838903e-06
5270.66650390625	2.6691471806719597e-06
5280.0	2.671064933218308e-06
5280.66943359375	2.6712019015062326e-06
5290.0	2.699108527962423e-06
5290.671875	2.7011173588998424e-06
5300.0	2.7414573453645546e-06
5300.6748046875	2.7443744507268807e-06
5310.0	2.7698180807210517e-06
5310.67724609375	2.7716649807435553e-06
5320.0	2.7911977853078494e-06
5320.68017578125	2.792622889765709e-06
5330.0	2.8347802818655045e-06
5330.6826171875	2.8378668241221734e-06
5340.0	2.8424779763607255e-06
5340.68505859375	2.842816629074499e-06
5350.0	2.869945786033936e-06
5350.68798828125	2.8719475770968765e-06
5360.0	2.9228506937819395e-06
5360.69091796875	2.926625459262511e-06
5370.0	2.9879581953267414e-06
5370.693359375	2.9925247689309762e-06
5380.0	2.973431733098593e-06
5380.69580078125	2.972004889665152e-06
5390.0	2.9893292956975142e-06
5390.69873046875	2.99063004523534e-06
5400.0	3.041088217695261e-06
5400.701171875	3.044890149626569e-06
5410.0	3.0716776973725637e-06
5410.7041015625	3.073704575470892e-06
5420.0	3.0722813977229447e-06
5420.70654296875	3.0721722329432386e-06
5430.0	3.098498388307793e-06
5430.70947265625	3.1005050438444397e-06
5440.0	3.113969605046964e-06
5440.7119140625	3.115000409726998e-06
5450.0	3.15135818002375e-06
5450.71484375	3.154154328505912e-06
5460.0	3.145057215258051e-06
5460.71728515625	3.1443531951442413e-06
5470.0	3.1074465867305108e-06
5470.72021484375	3.1045824538972617e-06
5480.0	3.178424997876336e-06
5480.72265625	3.1841732088019193e-06
5490.0	3.125372554472314e-06
5490.7255859375	3.1207738569543866e-06
5500.0	3.1287045165563893e-06
5500.72802734375	3.129337250270666e-06
5510.0	3.0917418659399335e-06
5510.73046875	3.08877959395285e-06
5520.0	3.0735921257927913e-06
5520.7333984375	3.07239007939726e-06
5530.0	3.0696631015490793e-06
5530.736328125	3.0694450255696817e-06
5540.0	3.0302434329318995e-06
5540.73876953125	3.027116148508373e-06
5550.0	2.987833853327359e-06
5550.7412109375	2.9846896784093312e-06
5560.0	2.965805344090099e-06
5560.744140625	2.9642869095004995e-06
5570.0	2.929839424797046e-06
5570.74658203125	2.926875992988167e-06
5580.0	2.8820543139541687e-06
5580.74951171875	2.87860966432311e-06
5590.0	2.833488876586448e-06
5590.751953125	2.8298220512524794e-06
5600.0	2.8059518475297656e-06
5600.7548828125	2.8040029081287945e-06
5610.0	2.716316570648614e-06
5610.75732421875	2.7091349380389414e-06
5620.0	2.6551686014999315e-06
5620.76025390625	2.6507292042391127e-06
5630.0	2.6088842157917036e-06
5630.7626953125	2.605377959406976e-06
5640.0	2.604908317348216e-06
5640.765625	2.6048696938098024e-06
5650.0	2.534555999165167e-06
5650.76806640625	2.52871082110765e-06
5660.0	2.5097324631994974e-06
5660.77099609375	2.508147735713697e-06
5670.0	2.462680522900465e-06
5670.7734375	2.45887098071177e-06
5680.0	2.4116057204762217e-06
5680.77587890625	2.4076324053399242e-06
5690.0	2.3486812637395986e-06
5690.77880859375	2.343706350426802e-06
5700.0	2.302189143618562e-06
5700.78173828125	2.298671974250473e-06
5710.0	2.2492118090046464e-06
5710.7841796875	2.245006635529485e-06
5720.0	2.2098322816657824e-06
5720.78662109375	2.2066840473086396e-06
5730.0	2.1914547224449604e-06
5730.78955078125	2.190297254223855e-06
5740.0	2.1644111651374926e-06
5740.7919921875	2.1621867522166647e-06
5750.0	2.104146104877426e-06
5750.794921875	2.099138253945934e-06
5760.0	2.095552294990275e-06
5760.79736328125	2.095242095567836e-06
5770.0	2.0782079479103986e-06
5770.80029296875	2.076727118162076e-06
5780.0	2.0258105180360743e-06
5780.802734375	2.0213699332358173e-06
5790.0	2.023306590962473e-06
5790.8056640625	2.0234758535583706e-06
5800.0	1.9672028461055665e-06
5800.80810546875	1.9622601832093716e-06
5810.0	1.9749521975132934e-06
5810.81103515625	1.9760713877105015e-06
5820.0	1.9390418104089338e-06
5820.8134765625	1.935632058745162e-06
5830.0	1.9414761981858384e-06
5830.81640625	1.9421532951090977e-06
5840.0	1.953082240662662e-06
5840.81884765625	1.9540560412561565e-06
5850.0	1.928739990477337e-06
5850.82177734375	1.92647569503662e-06
5860.0	1.9064511942620354e-06
5860.82421875	1.9046539107696527e-06
5870.0	1.9062506962402198e-06
5870.8271484375	1.9063948141072264e-06
5880.0	1.9137334110098783e-06
5880.82958984375	1.914396842465637e-06
5890.0	1.913651899778311e-06
5890.83251953125	1.913584267231122e-06
5900.0	1.8967891506792616e-06
5900.8349609375	1.8951260996465809e-06
5910.0	1.8982686828325605e-06
5910.837890625	1.8986912428432278e-06
5920.0	1.908479208913695e-06
5920.84033203125	1.9093770818126935e-06
5930.0	1.9035295175621911e-06
5930.84326171875	1.902991612659941e-06
5940.0	1.9097103700505664e-06
5940.845703125	1.9103311750680043e-06
5950.0	1.9269414174431e-06
5950.8486328125	1.9284808557176355e-06
5960.0	1.9246195041262623e-06
5960.85107421875	1.9242610599362465e-06
5970.0	1.948480758323589e-06
5970.85400390625	1.950599493656659e-06
5980.0	1.9676417488704634e-06
5980.8564453125	1.9693790149423102e-06
5990.0	1.9804885991678025e-06
5990.85888671875	1.9815322905591324e-06
6000.0	2.0008415536366133e-06
6000.86181640625	2.0027949476431133e-06
6010.0	2.031763501969695e-06
6010.8642578125	2.034505369346575e-06
6020.0	2.0534741569618323e-06
6020.8671875	2.0552759444662247e-06
6030.0	2.0762798392428687e-06
6030.8701171875	2.0781078156420553e-06
6040.0	2.0738522962854094e-06
6040.87255859375	2.0735998003031963e-06
6050.0	2.1470717003209717e-06
6050.875	2.1541173615860808e-06
6060.0	2.182734153418908e-06
6060.8779296875	2.1854884638812284e-06
6070.0	2.1994838786771715e-06
6070.88037109375	2.2008358145573988e-06
6080.0	2.246280516934295e-06
6080.88330078125	2.2506834222313163e-06
6090.0	2.296434116666878e-06
6090.8857421875	2.300707325056186e-06
6100.0	2.3060761318047132e-06
6100.888671875	2.306773298549998e-06
6110.0	2.362899608007838e-06
6110.89111328125	2.3683908094727097e-06
6120.0	2.376856592524538e-06
6120.89404296875	2.3776883656787137e-06
6130.0	2.4357560738578574e-06
6130.896484375	2.4414741293163396e-06
6140.0	2.4529276454072497e-06
6140.8994140625	2.4540598692715396e-06
6150.0	2.4977581765935024e-06
6150.90185546875	2.5018974447134882e-06
6160.0	2.525120241500501e-06
6160.90478515625	2.527622637249523e-06
6170.0	2.6097146315213166e-06
6170.9072265625	2.6179058275110053e-06
6180.0	2.6376673419488876e-06
6180.91015625	2.6396455221165596e-06
6190.0	2.6770777251174705e-06
6190.91259765625	2.6808360629617627e-06
6200.0	2.7234695525557255e-06
6200.91552734375	2.7275527959056835e-06
6210.0	2.7561723738547143e-06
6210.91796875	2.759278408682193e-06
6220.0	2.7914770159611702e-06
6220.9208984375	2.7947427584046454e-06
6230.0	2.8431196353376435e-06
6230.92333984375	2.8480583233976964e-06
6240.0	2.8695264863177106e-06
6240.92626953125	2.8714899547364623e-06
6250.0	2.890593675075261e-06
6250.9287109375	2.8927757198414605e-06
6260.0	2.9129159760121105e-06
6260.931640625	2.914983298398515e-06
6270.0	2.931139153150117e-06
6270.93408203125	2.9328033273044563e-06
6280.0	2.9374845043306808e-06
6280.93701171875	2.9379679532808136e-06
6290.0	2.974339036318905e-06
6290.939453125	2.9778707461241685e-06
6300.0	3.004630886974722e-06
6300.9423828125	3.007653653018555e-06
6310.0	2.985685885112196e-06
6310.94482421875	2.983391755506009e-06
6320.0	2.9790463427901724e-06
6320.94775390625	2.9785903890766835e-06
6330.0	3.0074407660046782e-06
6330.9501953125	3.0102247957129716e-06
6340.0	2.9509449521814937e-06
6340.953125	2.9449438034415796e-06
6350.0	2.9637341914731832e-06
6350.95556640625	2.965717654377193e-06
6360.0	2.9668611135133106e-06
6360.95849609375	2.966980413322253e-06
6370.0	2.940795330217096e-06
6370.9609375	2.9377683907835728e-06
6380.0	2.9208510946912277e-06
6380.9638671875	2.91928682577589e-06
6390.0	2.8715653307470293e-06
6390.96630859375	2.8664588488690543e-06
6400.0	2.874002788877594e-06
6400.96923828125	2.874811003345072e-06
6410.0	2.814665631209039e-06
6410.9716796875	2.8079567734154043e-06
6420.0	2.793085851294681e-06
6420.974609375	2.791712506539074e-06
6430.0	2.756747360477048e-06
6430.97705078125	2.7529119183720835e-06
6440.0	2.710892659584927e-06
6440.97998046875	2.7063268743287853e-06
6450.0	2.6587584718887625e-06
6450.982421875	2.653351895588245e-06
6460.0	2.597203049136498e-06
6460.9853515625	2.591288721874004e-06
6470.0	2.578064890378997e-06
6470.98779296875	2.5766133076181305e-06
6480.0	2.5459647225781665e-06
6480.99072265625	2.5425925035705225e-06
6490.0	2.5092425456289174e-06
6490.9931640625	2.505350777279525e-06
6500.0	2.453120662283046e-06
6500.99609375	2.447161980928e-06
6510.0	2.426713358293112e-06
6510.99853515625	2.4244457781904595e-06
6520.0	2.383541306241424e-06
6521.00146484375	2.378790443378205e-06
6530.0	2.3451854701909047e-06
6531.00390625	2.3416451285114867e-06
6540.0	2.289922422458448e-06
6541.0068359375	2.284141322729356e-06
6550.0	2.2333723877950005e-06
6551.00927734375	2.2276826897451887e-06
6560.0	2.215902030420989e-06
6561.01220703125	2.214383332878463e-06
6570.0	2.160466723683848e-06
6571.0146484375	2.1545801885219127e-06
6580.0	2.119478267598984e-06
6581.017578125	2.1155072638827427e-06
6590.0	2.0855665586860264e-06
6591.02001953125	2.081987738341576e-06
6600.0	2.046690008479541e-06
6601.02294921875	2.042856226310073e-06
6610.0	2.022511955688639e-06
6611.025390625	2.0201907501728983e-06
6620.0	1.9750343530977926e-06
6621.0283203125	1.969868438910341e-06
6630.0	1.9625444440613003e-06
6631.03076171875	1.961450844303287e-06
6640.0	1.93724346724821e-06
6641.03369140625	1.934631333767075e-06
6650.0	1.8878183205821593e-06
6651.0361328125	1.8824180655288761e-06
6660.0	1.8577925105055264e-06
6661.0390625	1.854776115090088e-06
6670.0	1.8405276279082026e-06
6671.04150390625	1.8390395420797428e-06
6680.0	1.831532876836828e-06
6681.04443359375	1.8306584323267886e-06
6690.0	1.7857315392629631e-06
6691.046875	1.780329627702216e-06
6700.0	1.7759278467262526e-06
6701.0498046875	1.7755723375828778e-06
6710.0	1.7546013517109383e-06
6711.052734375	1.7521391969268177e-06
6720.0	1.727185015904965e-06
6721.05517578125	1.72409024163823e-06
6730.0	1.7217514309918626e-06
6731.05810546875	1.7216308575282013e-06
6740.0	1.7383901806121584e-06
6741.060546875	1.7403724865132819e-06
6750.0	1.7062882327527609e-06
6751.06298828125	1.7020868265340539e-06
6760.0	1.6826607036509485e-06
6761.06591796875	1.6805042108422426e-06
6770.0	1.7105121434007398e-06
6771.068359375	1.7140916135406183e-06
6780.0	1.6752896278314893e-06
6781.0712890625	1.6704900759970247e-06
6790.0	1.6696691934006271e-06
6791.07421875	1.6697242071214496e-06
6800.0	1.6423748391277436e-06
6801.07666015625	1.6390828359012102e-06
6810.0	1.6389786654183495e-06
6811.07958984375	1.6388126352942248e-06
6820.0	1.6433093572252084e-06
6821.08203125	1.6440059952173892e-06
6830.0	1.6360097086841165e-06
6831.0849609375	1.6350795254681392e-06
6840.0	1.6370929466572103e-06
6841.08740234375	1.6371835792788458e-06
6850.0	1.6264130592343607e-06
6851.09033203125	1.6252517234437968e-06
6860.0	1.6213566735516634e-06
6861.0927734375	1.6207255232265287e-06
6870.0	1.6315094639271126e-06
6871.095703125	1.6329861369381148e-06
6880.0	1.6123040897605885e-06
6881.09814453125	1.609757447100622e-06
6890.0	1.6489090670705894e-06
6891.10107421875	1.653584191610712e-06
6900.0	1.6538026853551404e-06
6901.103515625	1.6539876919295262e-06
6910.0	1.6507512285871419e-06
6911.1064453125	1.6503499052144454e-06
6920.0	1.6480055711784022e-06
6921.10888671875	1.647555804481808e-06
6930.0	1.6623199576293495e-06
6931.11181640625	1.6643203796063157e-06
6940.0	1.6795624867334503e-06
6941.1142578125	1.6813058184197563e-06
6950.0	1.6689557341820506e-06
6951.1171875	1.6675682962234817e-06
6960.0	1.682752460425878e-06
6961.11962890625	1.6846630149162919e-06
6970.0	1.6805998630409075e-06
6971.12255859375	1.679924112936808e-06
6980.0	1.7033678585972687e-06
6981.125	1.706496659571888e-06
6990.0	1.7133301356973753e-06
6991.1279296875	1.7141964112233059e-06
7000.0	1.7380471676935714e-06
7001.13037109375	1.7406969740164421e-06
7010.0	1.7595154736532834e-06
7011.13330078125	1.7620826170447703e-06
7020.0	1.7857422988483605e-06
7021.1357421875	1.7885870759612409e-06
7030.0	1.8170682527628455e-06
7031.138671875	1.8208183844878732e-06
7040.0	1.7844299854977865e-06
7041.14111328125	1.7797590037204474e-06
7050.0	1.8086277511642879e-06
7051.14404296875	1.8121609220475568e-06
7060.0	1.8304976198486989e-06
7061.146484375	1.8330423871722467e-06
7070.0	1.837019335742821e-06
7071.1494140625	1.8373487029866534e-06
7080.0	1.8421110089987486e-06
7081.15234375	1.8429115406564972e-06
7090.0	1.8636049134857715e-06
7091.15478515625	1.8661077714426708e-06
7100.0	1.894473910805815e-06
7101.15771484375	1.8983607694073674e-06
7110.0	1.9231710900793183e-06
7111.16015625	1.9264141214987904e-06
7120.0	1.9309541557474816e-06
7121.16259765625	1.9313512513395634e-06
7130.0	1.970611083330684e-06
7131.16552734375	1.9759659475336537e-06
7140.0	1.9946092194716284e-06
7141.16796875	1.996860468834017e-06
7150.0	2.023124160570771e-06
7151.1708984375	2.026797038120513e-06
7160.0	2.0235390777919364e-06
7161.173828125	2.02289878938466e-06
7170.0	2.054761671442609e-06
7171.17626953125	2.0591990287567206e-06
7180.0	2.0911083262321867e-06
7181.17919921875	2.0953563735490924e-06
7190.0	2.0925710540701355e-06
7191.181640625	2.091981107619737e-06
7200.0	2.0883685582246495e-06
7201.1845703125	2.0881003081971984e-06
7210.0	2.1521875014805034e-06
7211.18701171875	2.160561197200773e-06
7220.0	2.2009990821187697e-06
7221.18994140625	2.206663537945664e-06
7230.0	2.213527290895883e-06
7231.1923828125	2.214115195970732e-06
7240.0	2.2281704175559664e-06
7241.1953125	2.2303000471754145e-06
7250.0	2.240764462122174e-06
7251.19775390625	2.2419449407898227e-06
7260.0	2.271747593202568e-06
7261.20068359375	2.276030888423902e-06
7270.0	2.3098075250777686e-06
7271.203125	2.314406600600899e-06
7280.0	2.3467473716555937e-06
7281.2060546875	2.3509117650866286e-06
7290.0	2.331205318599853e-06
7291.20849609375	2.3287539686784513e-06
7300.0	2.3657940863517184e-06
7301.21142578125	2.370623798739501e-06
7310.0	2.3796249192822177e-06
7311.2138671875	2.38111445699158e-06
7320.0	2.4020278688583988e-06
7321.216796875	2.4046533873406877e-06
7330.0	2.467329334446022e-06
7331.21923828125	2.476251204619814e-06
7340.0	2.422079937871863e-06
7341.22216796875	2.4143070222881926e-06
7350.0	2.453996978671614e-06
7351.224609375	2.4597692781345155e-06
7360.0	2.5146753172879433e-06
7361.2275390625	2.5220509670419058e-06
7370.0	2.5354865218923414e-06
7371.22998046875	2.537632824016059e-06
7380.0	2.5102306537514396e-06
7381.23291015625	2.5061189158048767e-06
7390.0	2.5422419363967973e-06
7391.23583984375	2.5475844039890006e-06
7400.0	2.5618395648207746e-06
7401.23828125	2.5635636782697906e-06
7410.0	2.5594104238113557e-06
7411.2412109375	2.559102163739957e-06
7420.0	2.570217666413857e-06
7421.24365234375	2.5715047499064862e-06
7430.0	2.6348104109685864e-06
7431.24658203125	2.6442393444296676e-06
7440.0	2.6569842559157416e-06
7441.2490234375	2.658501142987578e-06
7450.0	2.610839757014817e-06
7451.251953125	2.604335468099839e-06
7460.0	2.633490286285219e-06
7461.25439453125	2.6373603937148727e-06
7470.0	2.6212203563950876e-06
7471.25732421875	2.619197210423094e-06
7480.0	2.6438495069967556e-06
7481.259765625	2.64709452663052e-06
7490.0	2.6896281636429673e-06
7491.2626953125	2.696051377298211e-06
7500.0	2.6550408608582273e-06
7501.26513671875	2.64871219809381e-06
7510.0	2.6609222500343093e-06
7511.26806640625	2.6629872115486614e-06
7520.0	2.6615357765656067e-06
7521.2705078125	2.6610260015921245e-06
7530.0	2.6615217376405045e-06
7531.2734375	2.661891763689203e-06
7540.0	2.6753730321394363e-06
7541.27587890625	2.677030726828849e-06
7550.0	2.6447307963817368e-06
7551.27880859375	2.640313365450297e-06
7560.0	2.649381005600411e-06
7561.28173828125	2.6504023131722356e-06
7570.0	2.6705779344002456e-06
7571.2841796875	2.673837383957102e-06
7580.0	2.663861912363989e-06
7581.287109375	2.6620854532477097e-06
7590.0	2.6643400875300473e-06
7591.28955078125	2.664973514643261e-06
7600.0	2.6059729195025936e-06
7601.29248046875	2.596948076883778e-06
7610.0	2.6386599353596424e-06
7611.294921875	2.6448292338590038e-06
7620.0	2.6371209109543837e-06
7621.2978515625	2.6362773818942547e-06
7630.0	2.6361484578446528e-06
7631.30029296875	2.635437691297499e-06
7640.0	2.5992745871039556e-06
7641.30322265625	2.5941828769502615e-06
7650.0	2.607591330010698e-06
7651.3056640625	2.609285053609541e-06
7660.0	2.6143565014877296e-06
7661.30859375	2.6154141365696055e-06
7670.0	2.5628668313365767e-06
7671.31103515625	2.5546740955700625e-06
7680.0	2.5576727792915074e-06
7681.31396484375	2.5584172967030572e-06
7690.0	2.5427405061212722e-06
7691.31640625	2.54007140863952e-06
7700.0	2.52071507915708e-06
7701.3193359375	2.5177839468765917e-06
7710.0	2.5087061563541154e-06
7711.32177734375	2.5076219653478907e-06
7720.0	2.4922949787748374e-06
7721.32470703125	2.4896655319442186e-06
7730.0	2.4599876526943513e-06
7731.3271484375	2.455759408296302e-06
7740.0	2.456274659878311e-06
7741.330078125	2.4560545038585834e-06
7750.0	2.4506273982125705e-06
7751.33251953125	2.4500842488772607e-06
7760.0	2.419950710115346e-06
7761.33544921875	2.4150356001092504e-06
7770.0	2.4252805552196413e-06
7771.337890625	2.4268459058835072e-06
7780.0	2.3826049648714576e-06
7781.3408203125	2.3760767665970394e-06
7790.0	2.364926054584067e-06
7791.34326171875	2.3629137608671354e-06
7800.0	2.3349757976728993e-06
7801.34619140625	2.330932446457947e-06
7810.0	2.3127687158993824e-06
7811.34912109375	2.309664539957275e-06
7820.0	2.329881311182619e-06
7821.3515625	2.333298815826736e-06
7830.0	2.333707845676051e-06
7831.3544921875	2.333780457725492e-06
7840.0	2.3027412372782283e-06
7841.35693359375	2.2978884987368865e-06
7850.0	2.2684987149448116e-06
7851.35986328125	2.26417065925952e-06
7860.0	2.3044821873348745e-06
7861.3623046875	2.3105234868396595e-06
7870.0	2.296488617314332e-06
7871.365234375	2.294559253847308e-06
7880.0	2.293427943909749e-06
7881.36767578125	2.2929618469380464e-06
7890.0	2.256603966148329e-06
7891.37060546875	2.250854875481214e-06
7900.0	2.2513787276736044e-06
7901.373046875	2.251736236124459e-06
7910.0	2.243782022804093e-06
7911.3759765625	2.242235108293717e-06
7920.0	2.211125088984606e-06
7921.37841796875	2.2064481281659776e-06
7930.0	2.2189325587203886e-06
7931.38134765625	2.220642708146565e-06
7940.0	2.2090926077560003e-06
7941.3837890625	2.2072441106215976e-06
7950.0	2.187359679772976e-06
7951.38671875	2.18444690144411e-06
7960.0	2.2000246153394507e-06
7961.38916015625	2.202244485792135e-06
7970.0	2.1755150227304798e-06
7971.39208984375	2.1712142684990893e-06
7980.0	2.1689484099851665e-06
7981.39501953125	2.168877922096363e-06
7990.0	2.1847513302234694e-06
7991.3974609375	2.1870873812502297e-06
8000.0	2.143839309177419e-06
8001.400390625	2.1368276907917716e-06
8010.0	2.1451751048415274e-06
8011.40283203125	2.146287367901002e-06
8020.0	2.151025475128027e-06
8021.40576171875	2.1518079777104293e-06
8030.0	2.17122875452039e-06
8031.408203125	2.174706939775119e-06
8040.0	2.148207058454071e-06
8041.4111328125	2.1435972501467884e-06
8050.0	2.1318265501684423e-06
8051.41357421875	2.1298934236024082e-06
8060.0	2.1275234810906146e-06
8061.41650390625	2.127402547492584e-06
8070.0	2.1517813314670815e-06
8071.41943359375	2.1555086141462013e-06
8080.0	2.154095304440221e-06
8081.421875	2.1538550556512353e-06
8090.0	2.1623736670017e-06
8091.4248046875	2.1640545669224438e-06
8100.0	2.1235068613496275e-06
8101.42724609375	2.116507505702814e-06
8110.0	2.143254422621819e-06
8111.43017578125	2.1476828587908417e-06
8120.0	2.113631506961283e-06
8121.4326171875	2.1082410083728504e-06
8130.0	2.136600030113126e-06
8131.435546875	2.141040589216224e-06
8140.0	2.132498180052556e-06
8141.43798828125	2.1310633986011535e-06
8150.0	2.102644729557504e-06
8151.44091796875	2.0981596886778643e-06
8160.0	2.1150221077160896e-06
8161.443359375	2.1175642681473374e-06
8170.0	2.121322479228679e-06
8171.4462890625	2.121945165285611e-06
8180.0	2.1400224643964898e-06
8181.44873046875	2.1433443478800972e-06
8190.0	2.1257899146432204e-06
8191.45166015625	2.122533805498123e-06
8200.0	2.1276980061279292e-06
8201.4541015625	2.12860593122882e-06
8210.0	2.114135266382802e-06
8211.45703125	2.111958144801911e-06
8220.0	2.1389445271823673e-06
8221.4599609375	2.1432384833681764e-06
8230.0	2.113208043339492e-06
8231.4619140625	2.108269121653874e-06
8240.0	2.159388689078846e-06
8241.46484375	2.1683996016634483e-06
8250.0	2.1546818477874008e-06
8251.4677734375	2.1520344807359734e-06
8260.0	2.1264375601706606e-06
8261.470703125	2.1220401029634197e-06
8270.0	2.1716215715771734e-06
8271.4736328125	2.180432574772373e-06
8280.0	2.1042881791938294e-06
8281.4755859375	2.0908757819016953e-06
8290.0	2.1220785240780596e-06
8291.478515625	2.1274529860667097e-06
8300.0	2.1317093129098415e-06
8301.4814453125	2.132437518961918e-06
8310.0	2.140899123975439e-06
8311.484375	2.142652480082694e-06
8320.0	2.163403540008371e-06
8321.486328125	2.1667026479587675e-06
8330.0	2.157646578588946e-06
8331.4892578125	2.156062843387659e-06
8340.0	2.1644774680208783e-06
8341.4921875	2.1662360673535903e-06
8350.0	2.1689171757232575e-06
8351.4951171875	2.1690776744831123e-06
8360.0	2.1930941408633575e-06
8361.4970703125	2.1972892547127137e-06
8370.0	2.216738194387247e-06
8371.5	2.220140424042033e-06
8380.0	2.193386807103401e-06
8381.5029296875	2.1889805801011815e-06
8390.0	2.1589932817128533e-06
8391.505859375	2.153393323629168e-06
8400.0	2.181103498489479e-06
8401.5078125	2.186221598743882e-06
8410.0	2.1790411981011852e-06
8411.5107421875	2.1780687328005393e-06
8420.0	2.199785040027323e-06
8421.513671875	2.203323513797417e-06
8430.0	2.172821417341201e-06
8431.5166015625	2.167692390346696e-06
8440.0	2.2000020032447153e-06
8441.51953125	2.205758339800813e-06
8450.0	2.2134032044655874e-06
8451.521484375	2.215078037596738e-06
8460.0	2.244853174966008e-06
8461.5244140625	2.2498617087389404e-06
8470.0	2.2363605139611746e-06
8471.52734375	2.2339309035016187e-06
8480.0	2.2311938116992583e-06
8481.5302734375	2.2306979701039467e-06
8490.0	2.297404165380533e-06
8491.5322265625	2.3097548062816614e-06
8500.0	3.5351784997171316e-07
8501.53515625	1.541622878912037e-11
8510.0	6.571814314395878e-08
8511.5380859375	7.759145035179442e-08
8520.0	2.320692970240972e-07
8521.541015625	2.600468989137806e-07
8530.0	3.9964276522012815e-08
8531.5439453125	1.516699606454134e-11
8540.0	1.282043884853298e-06
8541.5458984375	1.5151131963057515e-06
8550.0	2.335019431214496e-07
8551.548828125	1.501069534689347e-11
8560.0	1.1246803841566342e-06
8561.5517578125	1.3300153199360946e-06
8570.0	1.3029773616978831e-06
8571.5546875	1.2982129045304113e-06
8580.0	3.409176721217706e-07
8581.556640625	1.6528700492198322e-07
8590.0	6.310869359330856e-07
8591.5595703125	7.166235939380987e-07
8600.0	1.8218777070531011e-06
8601.5625	2.0252798384234185e-06
8610.0	9.99779804072887e-07
8611.5654296875	8.107476389437831e-07
8620.0	3.4054682328410446e-07
8621.5673828125	2.535657482725733e-07
8630.0	3.9617687176107415e-08
8631.5703125	1.4359713994349024e-11
8640.0	1.4311077474083108e-11
8641.5732421875	1.4301955601400436e-11
8650.0	1.7149744703580294e-07
8651.576171875	2.0344041370387667e-07
8660.0	2.1552584800197173e-06
8661.578125	2.5197666854273486e-06
8670.0	1.0921414128542998e-06
8671.5810546875	8.248703424237503e-07
8680.0	8.492299872622686e-07
8681.583984375	8.537884379664173e-07
8690.0	1.7608459475617462e-06
8691.5869140625	1.9311312436413623e-06
8700.0	3.058138367140466e-07
8701.58984375	1.3956561944846143e-11
8710.0	1.4107927910778412e-06
8711.591796875	1.6768742391308438e-06
8720.0	2.0615596537147878e-06
8721.5947265625	2.1339245443233918e-06
8730.0	6.873521042591124e-07
8731.59765625	4.136390280189352e-07
8740.0	1.1553675772588255e-06
8741.6005859375	1.2960007612472814e-06
8750.0	1.6021780040480119e-06
8751.6025390625	1.660309197874253e-06
8760.0	1.5722952038819786e-06
8761.60546875	1.5557760189532183e-06
8770.0	1.6799533496364172e-06
8771.6083984375	1.703380679631115e-06
8780.0	1.808169129714725e-06
8781.611328125	1.8281785412576857e-06
8790.0	1.2358114784719329e-06
8791.6142578125	1.1223755754647094e-06
8800.0	1.4625900527065315e-06
8801.6162109375	1.5274984536051207e-06
8810.0	1.4106026122427563e-06
8811.619140625	1.3883743757141788e-06
8820.0	1.1341034278189541e-06
8821.6220703125	1.0849830274125935e-06
8830.0	1.55974249841093e-06
8831.625	1.651651890893726e-06
8840.0	1.2033470168844007e-06
8841.626953125	1.1166808817494338e-06
8850.0	9.190170749976284e-07
8851.6298828125	8.807266505842875e-07
8860.0	1.7761413621738719e-06
8861.6328125	1.9499054445728577e-06
8870.0	2.0462950330191157e-06
8871.6357421875	2.065348984411457e-06
8880.0	1.7366222740929135e-06
8881.638671875	1.672219818440052e-06
8890.0	1.5369678169126945e-06
8891.640625	1.5105575078253492e-06
8900.0	2.029368123277859e-06
8901.6435546875	2.130798349032656e-06
8910.0	1.9353608737592346e-06
8911.646484375	1.897047914286846e-06
8920.0	1.6631017432711552e-06
8921.6494140625	1.6171519289095792e-06
8930.0	1.8001447528211839e-06
8931.6513671875	1.8361082311557952e-06
8940.0	1.6341255643121527e-06
8941.654296875	1.5945736148736289e-06
8950.0	1.7894118245690336e-06
8951.6572265625	1.8276002255264644e-06
8960.0	2.0666725097329822e-06
8961.66015625	2.113942119564063e-06
8970.0	2.0320437726627535e-06
8971.662109375	2.015801488570194e-06
8980.0	1.6922654658941539e-06
8981.6650390625	1.628037714539104e-06
8990.0	1.6028448453467574e-06
8991.66796875	1.5978177145316257e-06
9000.0	1.6966603550501042e-06
9001.6708984375	1.7159777921461944e-06
9010.0	1.8347023473200285e-06
9011.6728515625	1.8586513537589906e-06
9020.0	1.904946878590747e-06
9021.67578125	1.9138690637584847e-06
9030.0	2.0631622698588705e-06
9031.6787109375	2.0932321654627216e-06
9040.0	1.5690018592480104e-06
9041.681640625	1.4638155556381318e-06
9050.0	1.6115589737296472e-06
9051.6845703125	1.6412410914080074e-06
9060.0	1.8296582298222077e-06
9061.6865234375	1.8675681688525298e-06
9070.0	1.7590622418508196e-06
9071.689453125	1.7371582626617727e-06
9080.0	1.8268768341271888e-06
9081.6923828125	1.845293285021137e-06
9090.0	1.6122698520468648e-06
9091.6953125	1.5647599987955738e-06
9100.0	2.0042055473799003e-06
9101.697265625	2.0932885287482336e-06
9110.0	1.8606415469929549e-06
9111.7001953125	1.8133551865905087e-06
9120.0	1.7766361794143064e-06
9121.703125	1.7691374749790544e-06
9130.0	1.6814498632018046e-06
9131.7060546875	1.6635423655312873e-06
9140.0	1.7683204131441797e-06
9141.708984375	1.7897068968158041e-06
9150.0	1.6754850863655642e-06
9151.7109375	1.6520860868216554e-06
9160.0	1.8903652877755219e-06
9161.7138671875	1.9391862036036465e-06
9170.0	1.5685779248156377e-06
9171.716796875	1.4924264646155168e-06
9180.0	1.5465202119007334e-06
9181.7197265625	1.557893621630852e-06
9190.0	1.878264950313635e-06
9191.7216796875	1.9439944608675923e-06
9200.0	1.7202374280876434e-06
9201.724609375	1.6738236156899718e-06
9210.0	1.6678310379444561e-06
9211.7275390625	1.6665604993325727e-06
9220.0	1.6895732466665275e-06
9221.73046875	1.6943065847944711e-06
9230.0	1.6931466888237955e-06
9231.732421875	1.6929987184917165e-06
9240.0	1.6612350136437594e-06
9241.7353515625	1.6545989559046104e-06
9250.0	1.536005498213466e-06
9251.73828125	1.5112759384641154e-06
9260.0	1.6023759841118622e-06
9261.7412109375	1.6213486639556646e-06
9270.0	1.3917912604114334e-06
9271.744140625	1.343773793934082e-06
9280.0	1.5923468735352186e-06
9281.74609375	1.6443393870735164e-06
9290.0	1.5804085711823154e-06
9291.7490234375	1.5669659207931026e-06
9300.0	1.5399132618325353e-06
9301.751953125	1.5344619165682615e-06
9310.0	1.520778933895175e-06
9311.7548828125	1.517593136170341e-06
9320.0	1.4592396006158986e-06
9321.7568359375	1.4469037737078876e-06
9330.0	1.418857652104717e-06
9331.759765625	1.412898540897953e-06
9340.0	1.3358055225409245e-06
9341.7626953125	1.3194641119646201e-06
9350.0	1.4348636347878129e-06
9351.765625	1.4592699902110536e-06
9360.0	1.4985486049359683e-06
9361.7685546875	1.5068400294210897e-06
9370.0	1.3662566625937748e-06
9371.7705078125	1.3363375575320707e-06
9380.0	1.2502685850560196e-06
9381.7734375	1.2319067559216172e-06
9390.0	1.342092201172428e-06
9391.7763671875	1.3655436221905186e-06
9400.0	1.232590505103118e-06
9401.779296875	1.2039206030768027e-06
9410.0	1.2681897856827868e-06
9411.78125	1.2818721045299356e-06
9420.0	1.2573547695051115e-06
9421.7841796875	1.2520574017662514e-06
9430.0	1.3432280304937215e-06
9431.787109375	1.3628779419102487e-06
9440.0	1.1677951813666827e-06
9441.7900390625	1.1258239417042317e-06
9450.0	1.1136093916706958e-06
9451.79296875	1.1109316775068762e-06
9460.0	1.0860832827509394e-06
9461.794921875	1.0806791584592556e-06
9470.0	1.0853909656879965e-06
9471.7978515625	1.086357634206544e-06
9480.0	1.1898268121637117e-06
9481.80078125	1.2121412465592947e-06
9490.0	1.1331223213054513e-06
9491.8037109375	1.1159509260756503e-06
9500.0	1.0417125900806448e-06
9501.8056640625	1.0267189206102176e-06
9510.0	1.149707009669915e-06
9511.80859375	1.176559202140185e-06
9520.0	1.091507634827262e-06
9521.8115234375	1.0728612407821216e-06
9530.0	1.027658823241827e-06
9531.814453125	1.0177193882895095e-06
9540.0	1.0411659582593495e-06
9541.81640625	1.0462897182047603e-06
9550.0	9.382376073166682e-07
9551.8193359375	9.144430876286459e-07
9560.0	9.250674543355108e-07
9561.822265625	9.273848713737776e-07
9570.0	9.572268521084563e-07
9571.8251953125	9.637896249928074e-07
9580.0	9.971868280303977e-07
9581.828125	1.004546141123258e-06
9590.0	9.341340485333271e-07
9591.830078125	9.185138363160591e-07
9600.0	9.153157627667552e-07
9601.8330078125	9.146911773443208e-07
9610.0	8.659248582276532e-07
9611.8359375	8.547310761043041e-07
9620.0	8.923230129631789e-07
9621.8388671875	9.00819921444354e-07
9630.0	8.826152982272734e-07
9631.8408203125	8.785251059473003e-07
9640.0	8.045540302378105e-07
9641.84375	7.880192221054489e-07
9650.0	7.825481347872274e-07
9651.8466796875	7.812975911946425e-07
9660.0	8.057514751494619e-07
9661.849609375	8.111973813873688e-07
9670.0	7.732031775763282e-07
9671.8525390625	7.646513384144615e-07
9680.0	7.769808678593686e-07
9681.8544921875	7.797190669987785e-07
9690.0	7.601139529795789e-07
9691.857421875	7.556733964188495e-07
9700.0	7.73311708976326e-07
9701.8603515625	7.772532012194394e-07
9710.0	7.065545904062824e-07
9711.86328125	6.905679545104852e-07
9720.0	6.215097636817359e-07
9721.865234375	6.058780764855544e-07
9730.0	6.069205903153341e-07
9731.8681640625	6.071282499620346e-07
9740.0	6.782990643967984e-07
9741.87109375	6.94398198054371e-07
9750.0	7.188990561402102e-07
9751.8740234375	7.244256260841741e-07
9760.0	6.354210831438371e-07
9761.8759765625	6.151580742288584e-07
9770.0	5.986848477773969e-07
9771.87890625	5.949025889555626e-07
9780.0	5.617247836571401e-07
9781.8818359375	5.541288152209867e-07
9790.0	6.190426679231881e-07
9791.884765625	6.338301338958431e-07
9800.0	5.534674639558233e-07
9801.8876953125	5.349951224035667e-07
9810.0	5.443784276710169e-07
9811.8896484375	5.464901334515809e-07
9820.0	5.499662414949359e-07
9821.892578125	5.507255952744519e-07
9830.0	5.217122068721496e-07
9831.8955078125	5.150552861731409e-07
9840.0	5.48553549772955e-07
9841.8984375	5.562166280143153e-07
9850.0	4.754685995843129e-07
9851.900390625	4.5684749361132165e-07
9860.0	4.899410954586669e-07
9861.9033203125	4.975300888463411e-07
9870.0	4.76596968401937e-07
9871.90625	4.7172625723348736e-07
9880.0	4.959623444168822e-07
9881.9091796875	5.015218435645365e-07
9890.0	4.4375193356176343e-07
9891.912109375	4.303401808017296e-07
9900.0	4.6164496747999315e-07
9901.9140625	4.687585441766626e-07
9910.0	4.343093592341599e-07
9911.9169921875	4.2636956364907783e-07
9920.0	3.772320645958476e-07
9921.919921875	3.6577977981907655e-07
9930.0	3.965558756478251e-07
9931.9228515625	4.036707645859961e-07
9940.0	3.7116956449409927e-07
9941.9248046875	3.635624604222427e-07
9950.0	3.7508566787327356e-07
9951.927734375	3.7772572695016693e-07
9960.0	3.4791127598688064e-07
9961.9306640625	3.40911472825449e-07
9970.0	3.332619432364506e-07
9971.93359375	3.314307950777757e-07
9980.0	3.36718554977814e-07
9981.9365234375	3.379075971918275e-07
9990.0	3.070312263586858e-07
9991.9384765625	2.997606489647905e-07
10000.0	3.2275114001079793e-07
10001.94140625	3.2834594586040633e-07
10010.0	2.9384175828826756e-07
10011.9443359375	2.8568314981459036e-07
10020.0	2.7770581739804935e-07
10021.947265625	2.757907720467364e-07
10030.0	2.7704553927071906e-07
10031.9501953125	2.7724701194905026e-07
10040.0	2.7855003737772507e-07
10041.9521484375	2.788766450598124e-07
10050.0	2.58780016113395e-07
10051.955078125	2.539911096484642e-07
10060.0	2.755212189960298e-07
10061.9580078125	2.8057508377666594e-07
10070.0	2.3853615265948475e-07
10071.9599609375	2.2854171525927274e-07
10080.0	2.3381410559451087e-07
10081.962890625	2.3502378554719013e-07
10090.0	2.243910116274386e-07
10091.9658203125	2.2182748540961286e-07
10100.0	2.164041545676062e-07
10101.96875	2.15074368386415e-07
10110.0	2.1627273735395145e-07
10111.970703125	2.1651293071282782e-07
10120.0	2.133232130831114e-07
10121.9736328125	2.1247215730509064e-07
10130.0	1.9301632386698949e-07
10131.9765625	1.8838718977271507e-07
10140.0	1.8620411896411444e-07
10141.978515625	1.8563781932621167e-07
10150.0	1.7454783419263434e-07
10151.982421875	1.7185978694931294e-07
10160.0	1.6581413063515218e-07
10161.9853515625	1.6432524382151573e-07
10170.0	1.6412689246127766e-07
10171.98828125	1.6402776783563876e-07
10180.0	1.522053417984467e-07
10181.990234375	1.4933648807931408e-07
10190.0	1.478727248517255e-07
10191.9931640625	1.4746888823306453e-07
10200.0	1.3120140126735474e-07
10201.99609375	1.2776142849603665e-07
10210.0	1.4287877793155387e-07
10211.998046875	1.4656218176748272e-07
10220.0	1.2942425075347013e-07
10222.0009765625	1.252343692201744e-07
10230.0	1.1895848325217573e-07
10232.00390625	1.174111343908171e-07
10240.0	1.2538714710815387e-07
10242.0068359375	1.2731216356853514e-07
10250.0	1.1849801048949075e-07
10252.0087890625	1.1632678680213407e-07
10260.0	1.0628787508607906e-07
10262.01171875	1.038166940567638e-07
10270.0	9.968346377185362e-08
10272.0146484375	9.863163647800104e-08
10280.0	1.0745043945330258e-07
10282.0166015625	1.0960640174950518e-07
10290.0	9.900924443040062e-08
10292.01953125	9.639440815211451e-08
10300.0	9.569359049204514e-08
10302.0234375	9.54994764421185e-08
10310.0	9.22622386878618e-08
10312.0263671875	9.144536926981952e-08
10320.0	8.795992243197828e-08
10322.0283203125	8.708160390164984e-08
10330.0	8.753062473788995e-08
10332.03125	8.761536242111704e-08
10340.0	8.424632112936946e-08
10342.0341796875	8.337425057163858e-08
10350.0	7.703911088256321e-08
10352.0361328125	7.547741147496462e-08
10360.0	7.850649431755214e-08
10362.0390625	7.92205421673486e-08
10370.0	6.971417565506373e-08
10372.0419921875	6.735463749651362e-08
10380.0	7.055386741687002e-08
10382.0439453125	7.13069879772592e-08
10390.0	6.601007797796769e-08
10392.046875	6.468073898628253e-08
10400.0	5.493623315705421e-08
10402.0498046875	5.2785310546330545e-08
10410.0	5.56947434873807e-08
10412.052734375	5.642916163486555e-08
10420.0	5.5315280747502214e-08
10422.0546875	5.5026474720686004e-08
10430.0	5.633521910055626e-08
10432.0576171875	5.665496758465735e-08
10440.0	5.2114195041547236e-08
10442.060546875	5.096145677427407e-08
10450.0	5.15199513980688e-08
10452.0634765625	5.163875911902423e-08
10460.0	5.0261271912011657e-08
10462.06640625	4.991549810839579e-08
10470.0	4.61548826784595e-08
10472.0693359375	4.5195583612742846e-08
10480.0	4.454060194078597e-08
10482.072265625	4.436493168097715e-08
10490.0	4.5886465457512866e-08
10492.07421875	4.625974608120844e-08
10500.0	4.300891399585168e-08
10502.0771484375	4.216570969292359e-08
10510.0	4.16547580248287e-08
10512.080078125	4.152354428382654e-08
10520.0	4.146059525075052e-08
10522.08203125	4.1432118713217605e-08
10530.0	3.3750584836125613e-08
10532.0849609375	3.179644977959569e-08
10540.0	3.460296578906829e-08
10542.087890625	3.5300740153023824e-08
10550.0	3.342198131555866e-08
10552.0908203125	3.292579496906961e-08
10560.0	3.2334771677668625e-08
10562.0927734375	3.217938826212059e-08
10570.0	2.8941455050166397e-08
10572.095703125	2.810976771467606e-08
10580.0	3.172061321867751e-08
10582.0986328125	3.261669282093805e-08
10590.0	2.7595134892586657e-08
10592.1005859375	2.6312748700641326e-08
10600.0	2.6011102998751176e-08
10602.103515625	2.60931569992178e-08
10610.0	2.4024461028519753e-08
10612.107421875	2.348879916893013e-08
10620.0	2.375225283591972e-08
10622.1103515625	2.381823611790206e-08
10630.0	2.3758902165490283e-08
10632.1123046875	2.3740491752512627e-08
10640.0	2.3083585066326852e-08
10642.115234375	2.2903144386907226e-08
10650.0	2.2265047091523885e-08
10652.1181640625	2.210053920457238e-08
10660.0	1.9762599396892952e-08
10662.1201171875	1.9147325118557045e-08
10670.0	2.4446018326549414e-08
10672.123046875	2.5831791244909855e-08
10680.0	2.137015231664252e-08
10682.1259765625	2.0195617081734138e-08
10690.0	1.899329917666794e-08
10692.12890625	1.8669517836781022e-08
10700.0	1.861820264126969e-08
10702.130859375	1.8606002386829586e-08
10710.0	1.8165679114834304e-08
10712.1337890625	1.8046444836212804e-08
10720.0	1.6904048222702375e-08
10722.13671875	1.6599876810968653e-08
10730.0	1.6697508148221154e-08
10732.138671875	1.671546702666053e-08
10740.0	1.6822787789278386e-08
10742.1416015625	1.6851433540145878e-08
10750.0	1.5822892885529242e-08
10752.14453125	1.5547819234631326e-08
10760.0	1.6929768566045012e-08
10762.1484375	1.729035492950643e-08
10770.0	1.456181248829144e-08
10772.150390625	1.3833636358844992e-08
10780.0	1.4950327749647197e-08
10782.1533203125	1.5244389349829755e-08
10790.0	1.357505616307439e-08
10792.15625	1.3129583983227135e-08
10800.0	1.3641258523261195e-08
10802.158203125	1.3801607523685909e-08
10810.0	1.3182581648365414e-08
10812.1611328125	1.301118001908065e-08
10820.0	1.341277090857014e-08
10822.1640625	1.3520391293520862e-08
10830.0	1.1923909757291127e-08
10832.1669921875	1.1494215763193481e-08
10840.0	1.1582542729805372e-08
10842.1689453125	1.1600205213001887e-08
10850.0	1.139366924164653e-08
10852.171875	1.1338276056460226e-08
10860.0	1.0561540318968977e-08
10862.1748046875	1.0350573101681621e-08
10870.0	9.686074254937967e-09
10872.1767578125	9.505203490137005e-09
10880.0	9.787578715598993e-09
10882.1796875	9.857253179870687e-09
10890.0	1.0285246615678663e-08
10892.1826171875	1.0398593991725023e-08
10900.0	9.316069461087003e-09
10902.185546875	9.022565415514649e-09
10910.0	8.396750465368471e-09
10912.1884765625	8.225609908730921e-09
10920.0	8.153566459735398e-09
10922.19140625	8.128254748639684e-09
10930.0	7.505208226099006e-09
10932.1943359375	7.336756109694766e-09
10940.0	7.601437363659302e-09
10942.1962890625	7.667782243167785e-09
10950.0	7.380111849104223e-09
10952.19921875	7.296680224347484e-09
10960.0	6.738683839494405e-09
10962.2021484375	6.58707722917271e-09
10970.0	6.492881014722942e-09
10972.205078125	6.462639574517361e-09
10980.0	6.5541634234927776e-09
10982.20703125	6.5707334674288915e-09
10990.0	5.773096747879554e-09
10992.2099609375	5.5575319061964055e-09
11000.0	4.7404844109923605e-09
11002.212890625	4.546001249470482e-09
11004.42578125	0.0
