WAVELENGTH	THROUGHPUT
1989.95361328125	0.0
1990.0	7.283415781019168e-09
1990.04638671875	7.318434890539745e-09
2000.0	1.7225874238723294e-09
2000.0482177734375	1.6943835447715409e-09
2010.0	2.015716239960145e-11
2010.0499267578125	1.1659878640886833e-11
2020.0	4.046937044421419e-09
2020.0517578125	4.068145942295742e-09
2030.0	3.382513056280065e-11
2030.053466796875	1.1917003101961759e-11
2040.0	2.030555068087794e-09
2040.0552978515625	2.041901623729548e-09
2050.0	8.75216468556831e-09
2050.05712890625	8.791234336159429e-09
2060.0	1.4456912027677978e-09
2060.05908203125	1.401474137699174e-09
2070.0	2.766442825613101e-09
2070.060791015625	2.7748768046117996e-09
2080.0	1.9992101850608706e-09
2080.062744140625	1.9942656255542282e-09
2090.0	2.2448802319162427e-09
2090.064697265625	2.2465285343102268e-09
2100.0	2.8022312482572423e-11
2100.066650390625	1.2960180720683557e-11
2110.0	1.603902317059045e-09
2110.068603515625	1.6152511705302073e-09
2120.0	3.475995837417247e-09
2120.070556640625	3.489609822017184e-09
2130.0	4.02704207777794e-11
2130.072509765625	1.4282254256971815e-11
2140.0	4.276066536704552e-09
2140.07470703125	4.3091422084617456e-09
2150.0	1.282860720053955e-09
2150.07666015625	1.2587384827518181e-09
2160.0	4.997344707569622e-09
2160.07861328125	5.02781370477652e-09
2170.0	3.0364965635754824e-10
2170.080810546875	2.6403123307066785e-10
2180.0	3.384763222384422e-09
2180.082763671875	3.4115619403056822e-09
2190.0	2.660028602925182e-09
2190.084716796875	2.653400968126989e-09
2200.0	2.562893131964854e-09
2200.0869140625	2.5621087210573834e-09
2210.0	3.70884773949351e-09
2210.089111328125	3.719474027425795e-09
2220.0	1.1932053889436006e-09
2220.091064453125	1.1692622061720076e-09
2230.0	3.034078672984132e-11
2230.09326171875	1.9294160505688224e-11
2240.0	1.976048907017736e-11
2240.095458984375	1.9764773710363114e-11
2250.0	2.0211433786502688e-11
2250.097412109375	2.021597240062502e-11
2260.0	3.264476638830578e-09
2260.099609375	3.2978434098141056e-09
2270.0	5.233965826556344e-09
2270.101806640625	5.254288376307858e-09
2280.0	6.29822307823375e-09
2280.10400390625	6.3093300291074855e-09
2290.0	9.017066000417845e-11
2290.106201171875	2.2059705600828635e-11
2300.0	4.065534343455876e-09
2300.1083984375	4.110483805976726e-09
2310.0	6.870764786495602e-11
2310.110595703125	2.2851901965817488e-11
2320.0	2.7815039260780214e-09
2320.11279296875	2.813379353109571e-09
2330.0	5.597555022464194e-11
2330.114990234375	2.3485244210347712e-11
2340.0	2.3805332644349512e-11
2340.1171875	2.3809091147768118e-11
2350.0	2.4127123723428035e-11
2350.119384765625	2.4130931962350632e-11
2360.0	2.0646397272478273e-09
2360.12158203125	2.0900506000600413e-09
2370.0	1.0250747902050507e-08
2370.123779296875	1.0354325138349482e-08
2380.0	2.7806884944220397e-09
2380.126220703125	2.682648786678373e-09
2390.0	5.991806676341554e-11
2390.12841796875	2.5377554303423792e-11
2400.0	6.751285106786403e-09
2400.130615234375	6.8402156176701665e-09
2410.0	1.8333429329028967e-09
2410.1328125	1.7660083290650657e-09
2420.0	3.906171062323543e-09
2420.13525390625	3.9354799781026185e-09
2430.0	4.065729537870462e-09
2430.137451171875	4.067408040042542e-09
2440.0	8.186527003417744e-11
2440.139892578125	2.5519511483079473e-11
2450.0	1.7120068553711395e-09
2450.14208984375	1.73624995793758e-09
2460.0	5.001412074527752e-11
2460.144287109375	2.5394098866502504e-11
2470.0	3.316056900015933e-09
2470.146728515625	3.3649228084512543e-09
2480.0	3.834953190949859e-09
2480.14892578125	3.842038620302906e-09
2490.0	8.279197058408661e-11
2490.1513671875	2.5177146173379794e-11
2500.0	7.3172154901818015e-09
2500.153564453125	7.430232308019296e-09
2510.0	7.804588202506735e-09
2510.156005859375	7.81048108984358e-09
2520.0	7.946895449147531e-09
2520.158203125	7.948955931770609e-09
2530.0	1.3967666905051062e-08
2530.16064453125	1.4065422089283835e-08
2540.0	2.5201506989158013e-10
2540.1630859375	2.446182067901506e-11
2550.0	2.266837608716546e-09
2550.165283203125	2.304246226624327e-09
2560.0	6.746387205527126e-09
2560.167724609375	6.821706175409729e-09
2570.0	1.3875930318394267e-10
2570.169921875	2.3986789609515476e-11
2580.0	1.0867664786058504e-09
2580.17236328125	1.1052659805874555e-09
2590.0	6.318657844994972e-09
2590.1748046875	6.4108137191644245e-09
2600.0	3.2156713472104967e-09
2600.177001953125	3.158206907742333e-09
2610.0	4.402985703274427e-10
2610.179443359375	3.9120162066493227e-10
2620.0	2.2583651806438864e-09
2620.181884765625	2.2925514899139076e-09
2630.0	6.40426631574444e-11
2630.184326171875	2.2690209851913635e-11
2640.0	9.039026370174563e-09
2640.1865234375	9.2082387326822e-09
2650.0	1.9358533550457702e-10
2650.18896484375	2.215503402759397e-11
2660.0	1.1553794447485016e-09
2660.19140625	1.1772260998892753e-09
2670.0	4.3771062764839894e-11
2670.19384765625	2.1635935415372452e-11
2680.0	1.4073430744829482e-09
2680.1962890625	1.4347418165369101e-09
2690.0	1.3540690338962532e-09
2690.198486328125	1.3524510804259747e-09
2700.0	6.473978226574646e-09
2700.200927734375	6.579142566885944e-09
2710.0	6.137060919024544e-10
2710.20361328125	4.899147257684011e-10
2720.0	3.065052651053643e-09
2720.205810546875	3.1191353143301843e-09
2730.0	7.771249543614647e-09
2730.208251953125	7.869984710565615e-09
2740.0	1.8590533222561287e-10
2740.210693359375	2.07701198157908e-11
2750.0	6.233611931699023e-09
2750.213134765625	6.36871082620564e-09
2760.0	1.5738400064383653e-10
2760.215576171875	2.0737299441645354e-11
2770.0	2.073045895764232e-11
2770.218017578125	2.0730306775593007e-11
2780.0	1.0126516061040744e-09
2780.220458984375	1.034978411164233e-09
2790.0	6.20184227882163e-09
2790.222900390625	6.319588476809776e-09
2800.0	1.1050991426823882e-08
2800.225341796875	1.1161275009096642e-08
2810.0	2.756598025322206e-10
2810.227783203125	2.078960877525329e-11
2820.0	3.754151450985791e-09
2820.230224609375	3.842520552725812e-09
2830.0	1.1026985463305494e-10
2830.232666015625	2.096668159987051e-11
2840.0	2.9950024938923925e-09
2840.235107421875	3.066851101276312e-09
2850.0	9.369252153433494e-11
2850.237548828125	2.1101286455219744e-11
2860.0	6.9430937025641216e-09
2860.239990234375	7.113720455797618e-09
2870.0	5.338311124939555e-09
2870.242431640625	5.294205850288807e-09
2880.0	2.8939281688576727e-09
2880.244873046875	2.833409549029672e-09
2890.0	6.881597354552705e-09
2890.247314453125	6.984661388568753e-09
2900.0	1.2692870099281077e-08
2900.25	1.2841038683246576e-08
2910.0	9.85036865011599e-09
2910.252197265625	9.772179075570914e-09
2920.0	1.5931162296404748e-08
2920.2548828125	1.6093646753092832e-08
2930.0	2.1905261487029678e-08
2930.25732421875	2.2059350448382434e-08
2940.0	1.6092208468332973e-08
2940.259765625	1.5932398144150758e-08
2950.0	2.2146844997698833e-08
2950.26220703125	2.231536998349543e-08
2960.0	3.36431917009595e-08
2960.2646484375	3.395250960259118e-08
2970.0	3.140645556971343e-08
2970.26708984375	3.13368566490875e-08
2980.0	4.8101656151421545e-08
2980.269775390625	4.8568541222995815e-08
2990.0	6.30213522328566e-08
2990.272216796875	6.342977901522422e-08
3000.0	5.465356995875209e-08
3000.274658203125	5.4392809882458014e-08
3010.0	5.16597632980641e-08
3010.277099609375	5.158317446074611e-08
3020.0	6.95911676072839e-08
3020.27978515625	7.010973106620558e-08
3030.0	8.221277345170836e-08
3030.2822265625	8.256222374159854e-08
3040.0	7.960514919873181e-08
3040.28466796875	7.952055197186637e-08
3050.0	8.463054015981083e-08
3050.287109375	8.477946493551243e-08
3060.0	9.059854398612215e-08
3060.289794921875	9.077446663253596e-08
3070.0	9.078472261095011e-08
3070.292236328125	9.07826449484092e-08
3080.0	7.58349971270237e-08
3080.294677734375	7.538334088306727e-08
3090.0	7.701828162080561e-08
3090.297119140625	7.70663042885127e-08
3100.0	2.7734474272549885e-08
3100.2998046875	2.6211275023350148e-08
3110.0	2.2706813979531455e-08
3110.30224609375	2.2597546912979325e-08
3120.0	1.670194540181051e-08
3120.3046875	1.6516147852946668e-08
3130.0	1.0236986623130546e-08
3130.30712890625	1.0038401306475111e-08
3140.0	1.913594051312626e-08
3140.309814453125	1.942637056055177e-08
3150.0	2.2488737343142053e-08
3150.312255859375	2.2588017707497083e-08
3160.0	4.3137945148294536e-08
3160.314697265625	4.380466719649492e-08
3170.0	6.180348271367516e-08
3170.3173828125	6.23948850050569e-08
3180.0	5.1853462615519887e-08
3180.31982421875	5.150359188973464e-08
3190.0	5.769442704603108e-08
3190.322509765625	5.790227833674352e-08
3200.0	7.378619774169393e-08
3200.324951171875	7.431499529343659e-08
3210.0	9.467695786136117e-08
3210.327392578125	9.536776915534921e-08
3220.0	6.086167850813581e-08
3220.330078125	5.968303938382403e-08
3230.0	8.072186799912639e-08
3230.33251953125	8.144668826684524e-08
3240.0	8.836970722315911e-08
3240.3349609375	8.860681364503805e-08
3250.0	9.382491235606964e-08
3250.337646484375	9.400974949320424e-08
3260.0	1.0061876746339016e-07
3260.340087890625	1.0084821250686099e-07
3270.0	1.0048544408870331e-07
3270.342529296875	1.0047564406546048e-07
3280.0	1.1091489439912842e-07
3280.34521484375	1.1128444403524656e-07
3290.0	1.1830165747535624e-07
3290.34765625	1.1855761627151594e-07
3300.0	1.0645163765361301e-07
3300.350341796875	1.0600920507296234e-07
3310.0	1.1987086421895498e-07
3310.352783203125	1.2038066503490782e-07
3320.0	9.42842729440399e-08
3320.355224609375	9.332097462259858e-08
3330.0	8.577237128239305e-08
3330.35791015625	8.549535285192647e-08
3340.0	9.647858999765749e-08
3340.3603515625	9.688574788691717e-08
3350.0	8.309500223939699e-08
3350.363037109375	8.257902640428503e-08
3360.0	9.577742022172848e-08
3360.365478515625	9.627458512797701e-08
3370.0	9.971074402896944e-08
3370.3681640625	9.984511466816055e-08
3380.0	1.1839150993514342e-07
3380.37060546875	1.1910085301469577e-07
3390.0	1.0603903096236905e-07
3390.373291015625	1.055368829370502e-07
3400.0	1.3564378734985678e-07
3400.375732421875	1.3678724252391997e-07
3410.0	1.2358351363611164e-07
3410.37841796875	1.230716818388652e-07
3420.0	1.0365715608960772e-07
3420.380859375	1.0288950877762852e-07
3430.0	1.0000699559089556e-07
3430.38330078125	9.989589173385078e-08
3440.0	8.310267776349968e-08
3440.385986328125	8.242971699551431e-08
3450.0	8.14977804033455e-08
3450.388671875	8.146300328538953e-08
3460.0	6.836723572648352e-08
3460.39111328125	6.783508859085004e-08
3470.0	9.806994774093315e-08
3470.393798828125	9.930033003687068e-08
3480.0	8.012265758295965e-08
3480.396240234375	7.933973599758028e-08
3490.0	1.1667085456894491e-07
3490.398681640625	1.1820677538812292e-07
3500.0	1.0663644934626634e-07
3500.4013671875	1.0615973391259313e-07
3510.0	1.2726653222239437e-07
3510.404052734375	1.281447365792373e-07
3520.0	1.4474222322637853e-07
3520.406494140625	1.454452044078765e-07
3530.0	1.2218795688327196e-07
3530.4091796875	1.2119771666682052e-07
3540.0	9.608880485290182e-08
3540.41162109375	9.502221623061548e-08
3550.0	9.712796221133614e-08
3550.414306640625	9.721466099331207e-08
3560.0	1.1457617707750737e-07
3560.416748046875	1.1532519664387398e-07
3570.0	9.008783957285757e-08
3570.41943359375	8.899451255660839e-08
3580.0	8.265223852646547e-08
3580.422119140625	8.237144134831722e-08
3590.0	7.699780861153017e-08
3590.424560546875	7.67640723654741e-08
3600.0	6.51187293421617e-08
3600.427001953125	6.462737597454884e-08
3610.0	7.56385012549806e-08
3610.4296875	7.613666730119136e-08
3620.0	9.022265264003171e-08
3620.432373046875	9.085752772183708e-08
3630.0	6.992167783994515e-08
3630.434814453125	6.896769433201634e-08
3640.0	1.3370501294704124e-07
3640.4375	1.366772028372589e-07
3650.0	1.0764899234844717e-07
3650.440185546875	1.0630478828609648e-07
3660.0	1.2648768973266174e-07
3660.442626953125	1.274289714584924e-07
3670.0	9.70563200401594e-08
3670.4453125	9.563333191745221e-08
3680.0	1.2467534820791299e-07
3680.44775390625	1.2603904790014752e-07
3690.0	1.2387884038273255e-07
3690.450439453125	1.237815986478029e-07
3700.0	1.076022991101022e-07
3700.452880859375	1.0682856515282319e-07
3710.0	1.0736596092601073e-07
3710.45556640625	1.073958879282673e-07
3720.0	1.3081873845659026e-07
3720.458251953125	1.3194126226682507e-07
3730.0	1.0340862786504586e-07
3730.460693359375	1.0202826061398637e-07
3740.0	7.960164739156719e-08
3740.46337890625	7.851321903077992e-08
3750.0	1.284451603678715e-07
3750.4658203125	1.3088574155003843e-07
3760.0	1.0903755443073741e-07
3760.468505859375	1.0796618296643251e-07
3770.0	1.2047752430447742e-07
3770.47119140625	1.2109278148485448e-07
3780.0	9.675924915105602e-08
3780.4736328125	9.554733468538387e-08
3790.0	9.613733789273896e-08
3790.476318359375	9.617083461195427e-08
3800.0	1.552402977999598e-07
3800.47900390625	1.5824270756984165e-07
3810.0	1.26054087935824e-07
3810.4814453125	1.244166233032661e-07
3820.0	1.7028422338633885e-07
3820.484130859375	1.726376798253226e-07
3830.0	1.5343967153523864e-07
3830.48681640625	1.5244421643652494e-07
3840.0	1.4298043343509609e-07
3840.4892578125	1.4249669900485885e-07
3850.0	1.0113659080086053e-07
3850.491943359375	9.897869135318062e-08
3860.0	1.5555505097066354e-07
3860.494384765625	1.5851325450562756e-07
3870.0	1.4177492403454658e-07
3870.4970703125	1.409005094067899e-07
3880.0	1.3022963652356965e-07
3880.499755859375	1.2965893887989144e-07
3890.0	1.9556544471863552e-07
3890.502197265625	1.9906841163117115e-07
3900.0	1.7521258248049785e-07
3900.5048828125	1.7394468279651344e-07
3910.0	1.0550986822971804e-07
3910.507568359375	1.0182360559858872e-07
3920.0	1.458522958905983e-07
3920.510009765625	1.4823051737763664e-07
3930.0	1.5045865394274928e-07
3930.5126953125	1.505860743985412e-07
3940.0	1.1804970895311545e-07
3940.515380859375	1.1626572045539238e-07
3950.0	1.7867208034690475e-07
3950.51806640625	1.8209869329500375e-07
3960.0	1.7209294961423833e-07
3960.5205078125	1.7154813603771032e-07
3970.0	1.8776734713805322e-07
3970.523193359375	1.886590444871675e-07
3980.0	1.6569676430917287e-07
3980.52587890625	1.6441555028798804e-07
3990.0	1.8141874466827158e-07
3990.5283203125	1.8237976989540256e-07
4000.0	1.6407587700698206e-07
4000.531005859375	1.6300347003001385e-07
4010.0	1.6445667536636649e-07
4010.53369140625	1.6453855394084164e-07
4020.0	1.640875688023278e-07
4020.5361328125	1.6406943359534933e-07
4030.0	1.5410719687355174e-07
4030.538818359375	1.5353667539163724e-07
4040.0	1.6122372319941174e-07
4040.54150390625	1.6166443463608074e-07
4050.0	1.534270222003505e-07
4050.544189453125	1.529591826530433e-07
4060.0	1.5924081604463126e-07
4060.546630859375	1.5959730877839085e-07
4070.0	1.4972183158780698e-07
4070.54931640625	1.491467645135252e-07
4080.0	1.5451378652136902e-07
4080.552001953125	1.5483512049329445e-07
4090.0	1.5599837931041785e-07
4090.5546875	1.5605929299043156e-07
4100.0	1.6066377005209615e-07
4100.55712890625	1.6093575625692613e-07
4110.0	1.7576645336180162e-07
4110.5595703125	1.7665530212040695e-07
4120.0	1.900593928020919e-07
4120.5625	1.908508511601625e-07
4130.0	1.8942418940516764e-07
4130.56494140625	1.8933850053340588e-07
4140.0	2.0227220150077963e-07
4140.56787109375	2.030519796803671e-07
4150.0	1.966966475592557e-07
4150.5703125	1.9632116775504276e-07
4160.0	2.1178491842467845e-07
4160.57275390625	2.1271611120089032e-07
4170.0	2.0695488037895905e-07
4170.57568359375	2.066022813033692e-07
4180.0	2.1655572787097112e-07
4180.578125	2.1717804389538372e-07
4190.0	2.2432923162775143e-07
4190.58056640625	2.2475969479724666e-07
4200.0	2.2129812873119435e-07
4200.58349609375	2.2108318182226628e-07
4210.0	2.0672689885308568e-07
4210.5859375	2.0583187455478986e-07
4220.0	2.0177112767458741e-07
4220.58837890625	2.0152696583224207e-07
4230.0	2.0216627847313184e-07
4230.59130859375	2.021915876473087e-07
4240.0	2.0486753612719279e-07
4240.59375	2.0503652105365133e-07
4250.0	2.1045042468407742e-07
4250.5966796875	2.1080501519293167e-07
4260.0	2.1644618710105817e-07
4260.59912109375	2.167951539692845e-07
4270.0	2.3816078464490055e-07
4270.6015625	2.3952971723553065e-07
4280.0	2.4830376466744324e-07
4280.6044921875	2.4886873238045044e-07
4290.0	2.3913649507370727e-07
4290.60693359375	2.385192284827717e-07
4300.0	2.414846605467587e-07
4300.60986328125	2.41664886909718e-07
4310.0	2.2788140789551377e-07
4310.6123046875	2.2698135400212984e-07
4320.0	2.256527488475114e-07
4320.61474609375	2.2556561005733437e-07
4330.0	2.1868915042882782e-07
4330.61767578125	2.1824746033026215e-07
4340.0	2.319611394286345e-07
4340.6201171875	2.328570530946222e-07
4350.0	2.3216277423031079e-07
4350.62255859375	2.3211652091155144e-07
4360.0	2.3225491360039684e-07
4360.62548828125	2.322640172572748e-07
4370.0	2.3311410086827195e-07
4370.6279296875	2.3318353692253256e-07
4380.0	2.3240468047323762e-07
4380.630859375	2.3233955181095116e-07
4390.0	2.496028162532868e-07
4390.63330078125	2.507711195014237e-07
4400.0	2.6251755737426535e-07
4400.63623046875	2.633164148388695e-07
4410.0	2.6136187148647957e-07
4410.638671875	2.612283630031394e-07
4420.0	2.6890524254010716e-07
4420.64111328125	2.6944630126203244e-07
4430.0	2.7348145599449526e-07
4430.64404296875	2.7375129500005533e-07
4440.0	2.7320911396688367e-07
4440.646484375	2.7317146781233946e-07
4450.0	2.7195983579388644e-07
4450.6494140625	2.7187550894198294e-07
4460.0	2.8894676125519023e-07
4460.65185546875	2.9015481478897173e-07
4470.0	2.844101266369317e-07
4470.654296875	2.839911280047075e-07
4480.0	2.9632500118666635e-07
4480.6572265625	2.971937897358139e-07
4490.0	3.047093124724187e-07
4490.65966796875	3.052407465993318e-07
4500.0	3.078057849271621e-07
4500.66259765625	3.079671293770953e-07
4510.0	3.106909646428525e-07
4510.6650390625	3.109026018346056e-07
4520.0	3.0100969725849294e-07
4520.66748046875	3.002841692074533e-07
4530.0	2.9054812403788227e-07
4530.67041015625	2.8984831298168713e-07
4540.0	2.692896553221193e-07
4540.6728515625	2.678060938413808e-07
4550.0	2.53774016995026e-07
4550.67578125	2.52756722921676e-07
4560.0	2.44849418468433e-07
4560.67822265625	2.4428800631867814e-07
4570.0	2.421575425417506e-07
4570.6806640625	2.4198766234856396e-07
4580.0	2.462693576116175e-07
4580.68359375	2.4658363237614734e-07
4590.0	2.3002468410982006e-07
4590.68603515625	2.2880464426210465e-07
4600.0	2.185020728139155e-07
4600.68896484375	2.177395107355774e-07
4610.0	2.1380448108596227e-07
4610.69140625	2.1352464734263596e-07
4620.0	2.101212094815288e-07
4620.6943359375	2.098545015800873e-07
4630.0	2.1548569620852473e-07
4630.69677734375	2.159042555620084e-07
4640.0	2.1067377159065118e-07
4640.69921875	2.102805160849438e-07
4650.0	2.1564543097120268e-07
4650.7021484375	2.1605060946750876e-07
4660.0	2.015911320158208e-07
4660.70458984375	2.004950318607735e-07
4670.0	1.7841382773226356e-07
4670.70751953125	1.7674314024893212e-07
4680.0	1.7568518079022448e-07
4680.7099609375	1.7559364640969545e-07
4690.0	1.7344123840122568e-07
4690.71240234375	1.7327608495566983e-07
4700.0	1.86647360014285e-07
4700.71533203125	1.8767755208351547e-07
4710.0	2.1491763112290464e-07
4710.7177734375	2.1702421596094955e-07
4720.0	2.583356791318274e-07
4720.720703125	2.615444042920219e-07
4730.0	2.870338883186209e-07
4730.72314453125	2.8902099790546667e-07
4740.0	3.17785834867905e-07
4740.7255859375	3.20056209668625e-07
4750.0	3.5052720992309353e-07
4750.728515625	3.5290172241476693e-07
4760.0	3.713465490880527e-07
4760.73095703125	3.7280122633036736e-07
4770.0	3.6278155551270904e-07
4770.73388671875	3.619879607541297e-07
4780.0	3.7191291745807197e-07
4780.736328125	3.727018717479468e-07
4790.0	3.7321922093931325e-07
4790.7392578125	3.732604741105432e-07
4800.0	3.6516979360088837e-07
4800.74169921875	3.6452157585256834e-07
4810.0	3.6278374763633775e-07
4810.74462890625	3.626668955297995e-07
4820.0	3.657082694094365e-07
4820.7470703125	3.659309205100561e-07
4830.0	3.4881859830047845e-07
4830.74951171875	3.4742911274394733e-07
4840.0	3.4224859494093716e-07
4840.75244140625	3.4182710463389385e-07
4850.0	3.1345451610073595e-07
4850.7548828125	3.111378164474095e-07
4860.0	2.884484905005196e-07
4860.7578125	2.8658819082419575e-07
4870.0	2.4732511052577503e-07
4870.76025390625	2.440946339723833e-07
4880.0	2.022041250994348e-07
4880.7626953125	1.9874551992745349e-07
4890.0	1.5196389438613488e-07
4890.765625	1.4809513890243748e-07
4900.0	9.988262066500937e-08
4900.76806640625	9.586193458248112e-08
4910.0	5.818687068974969e-08
4910.77099609375	5.5039694552538805e-08
4920.0	3.355835072287478e-08
4920.7734375	3.1757680030948886e-08
4930.0	2.1224199818322235e-08
4930.7763671875	2.0337654283858292e-08
4940.0	2.883102515619639e-08
4940.77880859375	2.954835431387773e-08
4950.0	4.510491526748217e-08
4950.78173828125	4.6424070999912615e-08
4960.0	6.260997899520556e-08
4960.7841796875	6.398720962694085e-08
4970.0	8.448690501619876e-08
4970.78662109375	8.623709680628376e-08
4980.0	1.0326140060118785e-07
4980.78955078125	1.0472070071899832e-07
4990.0	1.1007910805392409e-07
4990.7919921875	1.105474312591233e-07
5000.0	1.0388950189465694e-07
5000.794921875	1.0330495162740021e-07
5010.0	9.343497086165072e-08
5010.79736328125	9.258004731654509e-08
5020.0	6.328126681276638e-08
5020.80029296875	6.073337826857038e-08
5030.0	4.573178514447605e-08
5030.802734375	4.442200119655956e-08
5040.0	2.8048178374321844e-08
5040.8056640625	2.661420257112107e-08
5050.0	1.0994250079947113e-08
5050.80810546875	9.621707496437159e-09
5060.0	8.487803147307505e-09
5060.81103515625	8.387779156707929e-09
5070.0	1.1991714673582119e-08
5070.8134765625	1.2310688929242097e-08
5080.0	6.107503031145354e-09
5080.81591796875	5.5566848220824916e-09
5090.0	8.439388943055972e-09
5090.81884765625	8.696350824161448e-09
5100.0	7.821813375150928e-09
5100.8212890625	7.743601587510961e-09
5110.0	7.948599991399713e-09
5110.82421875	7.967001943051642e-09
5120.0	6.82302233750964e-10
5120.82666015625	2.6164501733463893e-11
5130.0	6.549407262726962e-09
5130.82958984375	7.139698939442697e-09
5140.0	5.9750282923271385e-09
5140.83203125	5.8688818738173454e-09
5150.0	8.175085861035554e-09
5150.83447265625	8.384950424936732e-09
5160.0	3.594948036875593e-09
5160.83740234375	3.1574126084012146e-09
5170.0	4.306957695272328e-09
5170.83984375	4.412299179069858e-09
5180.0	3.5278724440107894e-09
5180.8427734375	3.4465199531675163e-09
5190.0	7.170588925294947e-09
5190.84521484375	7.514241866172422e-09
5200.0	7.462148744229121e-09
5200.84814453125	7.457323684571878e-09
5210.0	3.471748095259832e-09
5210.8505859375	3.1014088428291936e-09
5220.0	2.523606869804967e-09
5220.853515625	2.469717914271866e-09
5230.0	4.742733865070078e-09
5230.85595703125	4.955422775695192e-09
5240.0	5.2608824722439915e-09
5240.85888671875	5.289568540882688e-09
5250.0	5.224960264935772e-09
5250.861328125	5.218873647525945e-09
5260.0	2.106180246604466e-09
5260.86376953125	1.8120287061664867e-09
5270.0	1.8081569529194012e-10
5270.86669921875	2.610048965851083e-11
5280.0	5.355168160322525e-09
5280.869140625	5.862196725707733e-09
5290.0	6.153169535296971e-09
5290.8720703125	6.180953713781097e-09
5300.0	1.2982196399460272e-09
5300.87451171875	8.305115961886012e-10
5310.0	7.155470569792661e-09
5310.87744140625	7.763514600436348e-09
5320.0	6.569745677800149e-09
5320.8798828125	6.454628376895719e-09
5330.0	5.933258012024785e-10
5330.8828125	2.60707802137346e-11
5340.0	9.868835154361103e-09
5340.88525390625	1.0824351484093358e-08
5350.0	1.6013784861128698e-08
5350.88818359375	1.651935613656941e-08
5360.0	6.408173816240937e-09
5360.890625	5.420066971256799e-09
5370.0	9.240158475984873e-09
5370.89306640625	9.61459118020252e-09
5380.0	1.0145218767974498e-08
5380.89599609375	1.0197415353772201e-08
5390.0	1.102482371183326e-08
5390.89892578125	1.1106504206904009e-08
5400.0	9.056024844751363e-09
5400.9013671875	8.852985638994568e-09
5410.0	1.286882903832504e-08
5410.90380859375	1.3267648313769107e-08
5420.0	1.6862241347580754e-08
5420.90673828125	1.722047496235133e-08
5430.0	1.3590381452477276e-08
5430.9091796875	1.3227498709850466e-08
5440.0	6.3135914191775935e-09
5440.912109375	5.620062956291362e-09
5450.0	1.0706775638724584e-08
5450.91455078125	1.1218541190613264e-08
5460.0	9.335419979544436e-09
5460.91748046875	9.145297830634451e-09
5470.0	9.708385134318258e-09
5470.919921875	9.765397155689247e-09
5480.0	2.2096889266239853e-08
5480.9228515625	2.3349862827485832e-08
5490.0	1.1922687951466609e-08
5490.92529296875	1.0758145087067257e-08
5500.0	1.387771369326616e-08
5500.92822265625	1.4196778252994504e-08
5510.0	1.6935099682435815e-08
5510.9306640625	1.7215950589690095e-08
5520.0	5.059103219158723e-09
5520.93359375	3.8079675311033655e-09
5530.0	1.386294755625922e-08
5530.93603515625	1.490079557809319e-08
5540.0	1.097195143727166e-08
5540.9384765625	1.056525087971469e-08
5550.0	2.2632947655718447e-08
5550.94140625	2.3886347800268752e-08
5560.0	1.7905737208539165e-08
5560.9443359375	1.7282421847068556e-08
5570.0	1.8432282732798014e-08
5570.94677734375	1.8550979200646917e-08
5580.0	1.9434118899658232e-08
5580.94921875	1.9528174794637276e-08
5590.0	1.7762207292942646e-08
5590.9521484375	1.757647484189557e-08
5600.0	1.755657977334022e-08
5600.95458984375	1.755447326099636e-08
5610.0	3.07747155071692e-08
5610.95751953125	3.21737877155818e-08
5620.0	2.7509210593156337e-08
5620.9599609375	2.7014126089455868e-08
5630.0	2.811733115753527e-08
5630.962890625	2.8234078596454156e-08
5640.0	4.606170412016457e-08
5640.96533203125	4.796499665587053e-08
5650.0	1.528787765829586e-07
5660.0	2.68882272586864e-07
5670.0	3.84758513020297e-07
5680.0	5.005048773274632e-07
5690.0	6.161203401385598e-07
5700.0	7.316055189145024e-07
5710.0	8.469640303688068e-07
5720.0	9.621940067688534e-07
5725.7880859375	1.0283252684373406e-06
5725.98828125	2.3136668833260092e-06
5726.18798828125	5.141337142919261e-07
5726.38818359375	2.313536745871173e-06
5726.58837890625	1.0282095200873289e-06
5726.78857421875	1.0281805665818161e-06
5726.98828125	1.0281516841879577e-06
5727.1884765625	1.0281227316715473e-06
5727.388671875	1.5421407020477793e-06
5727.58837890625	2.0561297974740705e-06
5727.78857421875	1.0280359477048364e-06
5727.98876953125	2.8270192584961593e-06
5728.18896484375	1.2849725426229291e-06
5728.388671875	1.7989111257467386e-06
5728.5888671875	3.5977209298036334e-06
5728.7890625	2.569728143874748e-06
5728.98876953125	3.597518538738019e-06
5729.18896484375	2.5695835813087113e-06
5729.38916015625	5.139022427250454e-06
5729.5888671875	3.0833269326170293e-06
5729.7890625	3.0832400943607496e-06
5729.9892578125	2.0554354616458605e-06
5730.0	2.289801757975585e-06
5730.189453125	6.423157324845641e-06
5730.38916015625	6.423085177423284e-06
5730.58935546875	6.166092798525313e-06
5730.78955078125	6.422940531758067e-06
5730.9892578125	6.422868386309501e-06
5731.189453125	5.9089727758232835e-06
5731.3896484375	6.422723744601477e-06
5731.58984375	7.964088662656393e-06
5731.78955078125	6.42257928192118e-06
5731.98974609375	1.0789812240215526e-05
5732.18994140625	8.477613711211193e-06
5732.39013671875	1.0532674697579136e-05
5732.58984375	1.2073906407852025e-05
5732.7900390625	1.181688167654435e-05
5732.990234375	1.2073634501263702e-05
5733.18994140625	1.4385445874698654e-05
5733.39013671875	1.6697204851742912e-05
5733.59033203125	1.6697016837222693e-05
5733.79052734375	1.772432506934437e-05
5733.990234375	2.286155261644103e-05
5734.1904296875	2.3888769363376144e-05
5734.390625	2.6200292271713863e-05
5734.59033203125	2.722744694730168e-05
5734.79052734375	3.0052600007495924e-05
5734.99072265625	3.313454329520801e-05
5735.1904296875	3.4932150809792094e-05
5735.390625	3.9555074958585444e-05
5735.5908203125	4.3664206699337965e-05
5735.791015625	4.597531858344084e-05
5735.99072265625	5.03411241772878e-05
5736.19091796875	5.624786594687494e-05
5736.39111328125	6.164080743217348e-05
5736.5908203125	6.703362929456533e-05
5736.791015625	7.448096328341474e-05
5736.9912109375	8.552373307991024e-05
5737.19140625	9.348435607264041e-05
5737.39111328125	0.00010118796879448457
5737.59130859375	0.00011120279159724927
5737.79150390625	0.00012224464241603696
5737.9912109375	0.00014073385089089687
5738.19140625	0.00015562727044109826
5738.3916015625	0.00017719738990747746
5738.591796875	0.0001959421346407852
5738.79150390625	0.00022059293265251612
5738.99169921875	0.0002478111764752931
5739.19189453125	0.00028067826108329704
5739.3916015625	0.00031200395149312354
5739.591796875	0.0003425584477512555
5739.7919921875	0.0003805591874587168
5739.99169921875	0.00043242542734879015
5740.0	0.0004353319014900366
5740.19189453125	0.0005025220035118041
5740.39208984375	0.0005787797095304994
5740.59228515625	0.0006509272354599747
5740.7919921875	0.0007300060551560907
5740.9921875	0.0008545314485979071
5741.1923828125	0.0010329751980136259
5741.39208984375	0.0011698192066451707
5741.59228515625	0.001341579527578421
5741.79248046875	0.0015323361066479921
5741.99267578125	0.0017562101177290886
5742.1923828125	0.0020804694159415986
5742.392578125	0.002580338628832216
5742.5927734375	0.0030093343044595867
5742.79248046875	0.0035140599585654
5742.99267578125	0.004099648022437846
5743.19287109375	0.004925786427731227
5743.392578125	0.005922892530539154
5743.5927734375	0.0069127877619989085
5743.79296875	0.00806491342280374
5743.9931640625	0.009185437453697189
5744.19287109375	0.010810399388305508
5744.39306640625	0.012826566006177462
5744.59326171875	0.01542107514992847
5744.79296875	0.01780193867650003
5744.9931640625	0.02059759788826619
5745.193359375	0.023536178555531664
5745.3935546875	0.0278072605726873
5745.59326171875	0.033435181615002335
5745.79345703125	0.03729738712621423
5745.99365234375	0.0418646604992446
5746.193359375	0.04701529682987292
5746.3935546875	0.05242508254313045
5746.59375	0.060267385797949415
5746.79345703125	0.06812671892471168
5746.99365234375	0.07470449651239573
5747.19384765625	0.08146130560579083
5747.39404296875	0.08959913486785236
5747.59423828125	0.09826939116796718
5747.7939453125	0.10532599704992679
5747.994140625	0.11292968027649553
5748.1943359375	0.11965256277413233
5748.39404296875	0.12479168570811197
5748.59423828125	0.13198756159402666
5748.79443359375	0.13903441160344407
5748.994140625	0.14493567812081593
5749.1943359375	0.1503984278908834
5749.39453125	0.15543245906419195
5749.5947265625	0.15969592272338443
5749.79443359375	0.16514627134430782
5749.99462890625	0.1691215584111116
5750.0	0.16920754188059642
5750.19482421875	0.17232636146715585
5750.39453125	0.17516563298758286
5750.5947265625	0.17763400461194323
5750.794921875	0.18077571962883401
5750.9951171875	0.1834341244033143
5751.19482421875	0.18576194648007438
5751.39501953125	0.18784234226155905
5751.59521484375	0.18912253640104754
5751.794921875	0.19080613027736817
5751.9951171875	0.19243116570679764
5752.1953125	0.19362787476362156
5752.39501953125	0.19465906213074385
5752.59521484375	0.19541412346629236
5752.79541015625	0.19623175535200868
5752.99560546875	0.19706607684938507
5753.1953125	0.19788495583362242
5753.3955078125	0.19836536205559915
5753.595703125	0.19863538001356446
5753.79541015625	0.19900676606515322
5753.99560546875	0.1994481545712263
5754.19580078125	0.19960858471127388
5754.39599609375	0.2000838301611289
5754.595703125	0.20003873082316345
5754.7958984375	0.20037003064238773
5754.99609375	0.20034314688487279
5755.19580078125	0.20057592733416385
5755.39599609375	0.20046462658318323
5755.59619140625	0.20046418170203514
5755.79638671875	0.20080827681948973
5755.99609375	0.20083834608270776
5756.1962890625	0.2008409822412625
5756.396484375	0.20095313716474802
5756.59619140625	0.20073052054205906
5756.79638671875	0.20078495856230258
5756.99658203125	0.20087017889219833
5757.1962890625	0.20080891830140132
5757.396484375	0.20103651143412565
5757.5966796875	0.20072129746833475
5757.796875	0.2010525163439124
5757.99658203125	0.2008168429834524
5758.19677734375	0.20088845591223414
5758.39697265625	0.20107627198580358
5758.5966796875	0.20108351204501052
5758.796875	0.2009137673177685
5758.9970703125	0.2011867418071718
5759.197265625	0.20093130718075292
5759.39697265625	0.20088878324895365
5759.59716796875	0.20066926655733863
5759.79736328125	0.20046669499609535
5759.9970703125	0.20060373520709204
5760.0	0.20059812416300193
5760.197265625	0.20022032473099424
5760.3974609375	0.19975921179871467
5760.59716796875	0.19928402110684165
5760.79736328125	0.19935796477968162
5760.99755859375	0.19898077140719006
5761.19775390625	0.19830217967235012
5761.3974609375	0.19800195184384003
5761.59765625	0.19744164911440645
5761.7978515625	0.19683004973276688
5761.99755859375	0.19594353980481288
5762.19775390625	0.1953527939440849
5762.39794921875	0.19433268727559377
5762.59814453125	0.19288485300850644
5762.7978515625	0.19152603728211065
5762.998046875	0.18983412580914577
5763.1982421875	0.1880840461608772
5763.3984375	0.1862308853571259
5763.59814453125	0.1835189444005316
5763.79833984375	0.18019826744723194
5763.99853515625	0.1752228708489015
5764.1982421875	0.1713987311021188
5764.3984375	0.16701333507539867
5764.5986328125	0.16140589124074342
5764.798828125	0.15498929857063284
5764.99853515625	0.1474735414743413
5765.19873046875	0.13992488753439686
5765.39892578125	0.13335205169551023
5765.5986328125	0.12619758016264218
5765.798828125	0.11770862235686808
5765.9990234375	0.10724730088549328
5766.19873046875	0.09823772452780193
5766.39892578125	0.09014859091064495
5766.59912109375	0.08174785415079926
5766.79931640625	0.07453341518655764
5766.9990234375	0.06457748696322611
5767.19921875	0.054863039694281544
5767.3994140625	0.04932003240324446
5767.59912109375	0.04310105931459412
5767.79931640625	0.03768932283932712
5767.99951171875	0.03229769989661163
5768.19970703125	0.02662879984714639
5768.3994140625	0.021909901567303967
5768.599609375	0.018617055552508338
5768.7998046875	0.015703966834334563
5768.99951171875	0.01292553665433588
5769.19970703125	0.010639131484053778
5769.39990234375	0.008755266592260778
5769.60009765625	0.007365190414107435
5769.7998046875	0.006219196817258932
5770.0	0.0053377846761962855
5770.2001953125	0.00446536509846139
5770.39990234375	0.003601681007005718
5770.60009765625	0.003098435842573518
5770.80029296875	0.0026382679110755324
5771.0	0.0022386062741403066
5771.2001953125	0.0019207247016877443
5771.400390625	0.0015992615653038962
5771.6005859375	0.001341888174392549
5771.80029296875	0.0011739787784823725
5772.00048828125	0.0010342688142650266
5772.20068359375	0.0009063527235092024
5772.400390625	0.0007751074781242014
5772.6005859375	0.0006564245832999391
5772.80078125	0.0005633756244305031
5773.0009765625	0.0004921151402730506
5773.20068359375	0.00043956668541771793
5773.40087890625	0.0003752293910254982
5773.60107421875	0.00031858257767253056
5773.80078125	0.00028577279698364905
5774.0009765625	0.0002547578194174735
5774.201171875	0.00023066342758410802
5774.40087890625	0.0002075947714245554
5774.60107421875	0.0001817074525441821
5774.80126953125	0.00015915241624605715
5775.00146484375	0.00014454258564061058
5775.201171875	0.0001309582128314612
5775.4013671875	0.00011839925573975963
5775.6015625	0.0001053280210558956
5775.80126953125	9.353844690727408e-05
5776.00146484375	8.149284816776916e-05
5776.20166015625	7.816049348753787e-05
5776.40185546875	6.995927657567371e-05
5776.6015625	6.380828655784692e-05
5776.8017578125	5.50948896828818e-05
5777.001953125	5.099423106626571e-05
5777.20166015625	4.638116874542616e-05
5777.40185546875	4.2024454364603426e-05
5777.60205078125	3.894905190426803e-05
5777.8017578125	3.5105008041644475e-05
5778.001953125	2.9467375557821527e-05
5778.2021484375	2.9723278648183588e-05
5778.40234375	2.5366993944038654e-05
5778.6025390625	2.3573105849431443e-05
5778.80224609375	2.2804160841510538e-05
5779.00244140625	1.9985444895230745e-05
5779.20263671875	1.8704117247908725e-05
5779.40234375	1.6910380880216512e-05
5779.6025390625	1.6397761764800445e-05
5779.802734375	1.3323031152342798e-05
5780.0	1.433519354188419e-05
5780.00244140625	1.4347720158475654e-05
5780.20263671875	1.1016874809549178e-05
5780.40283203125	1.0248140036633865e-05
5780.60302734375	1.0760425915532383e-05
5780.802734375	9.22311930110057e-06
5781.0029296875	8.71062507295063e-06
5781.203125	7.429566866386704e-06
5781.40283203125	7.685672504790193e-06
5781.60302734375	7.429399668928648e-06
5781.80322265625	6.916949762681484e-06
5782.00341796875	5.635969451858473e-06
5782.203125	6.148261307087695e-06
5782.4033203125	4.354969318591886e-06
5782.603515625	4.354920255064894e-06
5782.80322265625	3.5863647318129294e-06
5783.00341796875	2.8178261458531754e-06
5783.20361328125	2.8177943997342904e-06
5783.4033203125	3.586243617899576e-06
5783.603515625	2.817730985793998e-06
5783.8037109375	3.842317075369802e-06
5784.00390625	2.305364479829186e-06
5784.20361328125	2.305338570263682e-06
5784.40380859375	1.79302085152526e-06
5784.60400390625	1.7930006507392383e-06
5784.8037109375	2.0491204780071027e-06
5785.00390625	1.2806858536554084e-06
5785.2041015625	1.7929400987566276e-06
5785.404296875	1.792919898708031e-06
5785.60400390625	2.3051568931925422e-06
5785.80419921875	1.5367538615600741e-06
5786.00439453125	2.817350294185357e-06
5786.2041015625	2.561198739637784e-07
5786.404296875	7.683509813516746e-07
5786.6044921875	2.0489128224895686e-06
5786.8046875	1.2805560701437838e-06
5787.00439453125	1.2805416777808894e-06
5787.20458984375	1.792738254363868e-06
5787.40478515625	1.0244102714396503e-06
5787.8046875	2.5609680406095156e-07
5788.20458984375	1.280455185608572e-06
5790.0	1.2537455766132155e-06
5800.0	1.1050762150807106e-06
5810.0	9.565772139067489e-07
5820.0	8.082444006825527e-07
5830.0	6.5951847949163e-07
5840.0	5.117214717695867e-07
5850.0	3.640445785052737e-07
5860.0	2.1648982738894145e-07
5870.0	6.905482912014251e-08
5871.02685546875	5.3922141401297774e-08
5880.0	3.782109483508328e-08
5881.02978515625	3.5974034330200144e-08
5890.0	2.4903894739190127e-08
5891.0322265625	2.3630536744978294e-08
5900.0	1.9620126824819148e-08
5901.03515625	1.9155709808600094e-08
5910.0	2.0574441299596064e-08
5911.03759765625	2.0740275666107296e-08
5920.0	2.3003400237184693e-08
5921.04052734375	2.3266050322532098e-08
5930.0	2.5790859050467534e-08
5931.04296875	2.6084659202315886e-08
5940.0	1.9767044506724598e-08
5941.0458984375	1.902964215723352e-08
5950.0	2.1426671017223828e-08
5951.04833984375	2.1707207303691272e-08
5960.0	2.21572456725298e-08
5961.05126953125	2.221008445298663e-08
5970.0	1.7996300058678916e-08
5971.0537109375	1.7498755886887037e-08
5980.0	1.501535293164111e-08
5981.056640625	1.4723723395597447e-08
5990.0	2.6670484000915387e-08
5991.05908203125	2.8084701820811e-08
6000.0	2.53256804245061e-08
6001.06201171875	2.5000140218590266e-08
6010.0	2.7399496893635832e-08
6011.064453125	2.7685374365736054e-08
6020.0	2.571358398170961e-08
6021.0673828125	2.5477959611538933e-08
6030.0	1.8348719491576515e-08
6031.06982421875	1.7492733030216535e-08
6040.0	2.2627006329373142e-08
6041.072265625	2.3245266685600564e-08
6050.0	2.407091885309564e-08
6051.0751953125	2.417038708156411e-08
6060.0	2.0160126248376272e-08
6061.078125	1.9675543288991343e-08
6070.0	2.0523796754580823e-08
6071.08056640625	2.0626572284877932e-08
6080.0	2.643976300806016e-08
6081.08349609375	2.714613563040379e-08
6090.0	2.7826310539646153e-08
6091.0859375	2.7906599654622446e-08
6100.0	2.5434817218466596e-08
6101.08837890625	2.5135508691249056e-08
6110.0	2.7845516424444548e-08
6111.09130859375	2.817748370658793e-08
6120.0	3.053395304084362e-08
6121.09423828125	3.0823489633743114e-08
6130.0	3.276821746091307e-08
6131.0966796875	3.300776107983447e-08
6140.0	2.6366519157580484e-08
6141.099609375	2.5546048271244826e-08
6150.0	2.4053486929489106e-08
6151.10205078125	2.3866378336118302e-08
6160.0	2.2401972837471833e-08
6161.1044921875	2.222238326434943e-08
6170.0	2.7724541910224028e-08
6171.107421875	2.8409723903723653e-08
6180.0	3.789501858427065e-08
6181.10986328125	3.9079199197759875e-08
6190.0	3.3018666611100985e-08
6191.11279296875	3.225982444872275e-08
6200.0	3.6162376781399035e-08
6201.11572265625	3.664896410571097e-08
6210.0	3.839495124375591e-08
6211.1181640625	3.861825241634759e-08
6220.0	3.6549747463095705e-08
6221.12060546875	3.628869197481046e-08
6230.0	3.048892121836766e-08
6231.12353515625	2.9755070351530485e-08
6240.0	3.827673410746111e-08
6241.1259765625	3.9354284497565855e-08
6250.0	3.482333656677099e-08
6251.12890625	3.425050277423905e-08
6260.0	3.996907641830162e-08
6261.1318359375	4.069891005973242e-08
6270.0	3.66912124658075e-08
6271.13427734375	3.6178431106838294e-08
6280.0	3.5217447553290104e-08
6281.13671875	3.5094186285091904e-08
6290.0	3.889278717832732e-08
6291.1396484375	3.937753083078782e-08
6300.0	4.776698508773247e-08
6301.14208984375	4.885254924581291e-08
6310.0	5.0758247359831176e-08
6311.14501953125	5.100462852125537e-08
6320.0	4.137818068776205e-08
6321.1474609375	4.0130339766575546e-08
6330.0	3.553271620315644e-08
6331.150390625	3.4931620839483054e-08
6340.0	3.117934131588631e-08
6341.15283203125	3.069381188511332e-08
6350.0	1.9613453349537057e-08
6351.15576171875	1.816550104409705e-08
6360.0	1.6488865821830143e-08
6361.158203125	1.6269222851051142e-08
6370.0	2.8720062976306016e-08
6371.1611328125	3.0352586601745514e-08
6380.0	1.8582984014299362e-08
6381.16357421875	1.7036165516330394e-08
6390.0	1.510164002730619e-08
6391.16650390625	1.4846179647691056e-08
6400.0	7.110491939849804e-09
6401.1689453125	6.086540608329552e-09
6410.0	1.2054073449656015e-08
6411.171875	1.2844870353673563e-08
6420.0	1.0052856255329798e-08
6421.17431640625	9.682650935197401e-09
6430.0	1.5781178706718248e-08
6431.17724609375	1.6594497727743695e-08
6440.0	7.485553276356514e-09
6441.1796875	6.267514517377609e-09
6450.0	6.222359827409084e-09
6451.1826171875	6.215669767656644e-09
6460.0	7.583178382461694e-10
6461.18505859375	2.5442318475219555e-11
6470.0	1.0008410903205262e-08
6471.18798828125	1.1353854404420177e-08
6480.0	1.0428188981934116e-08
6481.1904296875	1.030312150737688e-08
6490.0	5.7999554122115546e-09
6491.193359375	5.189402148607808e-09
6500.0	1.1349187266875512e-08
6501.19580078125	1.2183759015400984e-08
6510.0	6.597946127954795e-09
6511.19873046875	5.838631542705071e-09
6520.0	5.562152865452312e-09
6521.201171875	5.523903599047345e-09
6530.0	4.802427474089708e-09
6531.2041015625	4.70442193883269e-09
6540.0	9.731787694218232e-09
6541.20703125	1.0420528725299502e-08
6550.0	8.84235829855357e-09
6551.20947265625	8.62563347463008e-09
6560.0	8.808023006366562e-09
6561.2119140625	8.832197247101336e-09
6570.0	1.1929100321587476e-08
6571.21484375	1.2357396173211556e-08
6580.0	2.310663291558007e-09
6581.21728515625	9.209099622576925e-10
6590.0	7.815083802539823e-09
6591.22021484375	8.770367025750162e-09
6600.0	7.174976285768819e-08
6601.22265625	8.050605486735183e-08
6610.0	1.877067742675582e-07
6611.2255859375	2.026495118374351e-07
6620.0	3.691707575530259e-07
6621.228515625	3.924454067884073e-07
6630.0	7.83119627378235e-07
6631.23095703125	8.377218172777768e-07
6640.0	1.4792076041197124e-06
6641.2333984375	1.5693310750455493e-06
6650.0	2.2261090969763733e-06
6651.236328125	2.31853313124572e-06
6660.0	3.021886037397433e-06
6661.23876953125	3.1207583397444996e-06
6670.0	3.644617598909017e-06
6671.24169921875	3.7190328773798642e-06
6680.0	3.7394220302850514e-06
6681.24462890625	3.7423104863431096e-06
6690.0	3.293652637604936e-06
6691.2470703125	3.229536638400235e-06
6700.0	2.7347248100830065e-06
6701.25	2.6645580635691666e-06
6710.0	2.1230965428597008e-06
6711.25244140625	2.045759728731731e-06
6720.0	1.6728516737479214e-06
6721.25537109375	1.6192739879646048e-06
6730.0	1.489500253016001e-06
6731.2578125	1.4710479693211318e-06
6740.0	1.448632836430387e-06
6741.2607421875	1.4454061930350791e-06
6750.0	1.3514999514188256e-06
6751.26318359375	1.3378092458509654e-06
6760.0	1.2093011339488376e-06
6761.26611328125	1.1908638776589682e-06
6770.0	1.0313554958519807e-06
6771.2685546875	1.0082374426479235e-06
6780.0	7.740540425743399e-07
6781.271484375	7.399446564737296e-07
6790.0	5.405978474569876e-07
6791.27392578125	5.116477858847067e-07
6800.0	3.1626420387399094e-07
6801.27685546875	2.877371207115838e-07
6810.0	1.6080234813993625e-07
6811.279296875	1.4221174523813395e-07
6820.0	7.60046735389033e-08
6821.2822265625	6.630716208940967e-08
6830.0	4.250685612487116e-08
6831.28466796875	3.900844724434854e-08
6840.0	3.1280385748243025e-08
6841.28759765625	3.0137526165610184e-08
6850.0	3.021728221474288e-08
6851.2900390625	3.023241575518543e-08
6860.0	2.098308030079401e-08
6861.29296875	1.96105375131904e-08
6870.0	1.6571400787460205e-08
6871.29541015625	1.612232500593272e-08
6880.0	2.3342864719792477e-08
6881.29833984375	2.441770269880393e-08
6890.0	2.696390508977327e-08
6891.30078125	2.7340688575567897e-08
6900.0	3.5286740390989575e-08
6901.3037109375	3.647830573119709e-08
6910.0	4.8590207857674504e-08
6911.30615234375	5.040578860385005e-08
6920.0	7.727006422211049e-08
6921.30908203125	8.129797533271639e-08
6930.0	1.1277822865048034e-07
6931.3115234375	1.1752863501619787e-07
6940.0	1.7680272720675427e-07
6941.314453125	1.8573108952898437e-07
6950.0	3.5804634909883805e-07
6951.31689453125	3.841420051247377e-07
6960.0	6.390264732054682e-07
6961.31982421875	6.776922146248453e-07
6970.0	9.48939854781247e-07
6971.322265625	9.900645745621816e-07
6980.0	1.269013256366662e-06
6981.3251953125	1.3116417987935416e-06
6990.0	1.4552502980132084e-06
6991.32763671875	1.4771850959733794e-06
7000.0	1.4785925880283624e-06
7001.33056640625	1.4784252113408484e-06
7010.0	1.390281364113376e-06
7011.3330078125	1.376939561920287e-06
7020.0	1.254545495369982e-06
7021.3359375	1.2355935906258207e-06
7030.0	1.0921277782150897e-06
7031.33837890625	1.0701257463499607e-06
7040.0	9.781423233193728e-07
7041.34130859375	9.63945851988811e-07
7050.0	9.211782578874217e-07
7051.34423828125	9.144531935560768e-07
7060.0	9.203211527955789e-07
7061.3466796875	9.213370952642499e-07
7070.0	9.069522484578784e-07
7071.349609375	9.046093136151826e-07
7080.0	8.727023507596716e-07
7081.35205078125	8.678378271385513e-07
7090.0	8.489488311836877e-07
7091.35498046875	8.458989365939535e-07
7100.0	9.100612793038578e-07
7101.357421875	9.202007784277887e-07
7110.0	1.3859904074926534e-06
7111.3603515625	1.4590549818696902e-06
7120.0	2.271246135341234e-06
7121.36279296875	2.3986331319308513e-06
7130.0	3.3698359638795476e-06
7131.36572265625	3.5231609308404667e-06
7140.0	4.334696146104028e-06
7141.3681640625	4.462313051008526e-06
7150.0	4.7775064323778945e-06
7151.37109375	4.827931687606388e-06
7160.0	4.288717619224091e-06
7161.37353515625	4.202672999052471e-06
7170.0	3.3457566626796698e-06
7171.37646484375	3.2099933571604235e-06
7180.0	2.3373206892535073e-06
7181.37890625	2.1982562551243516e-06
7190.0	1.4694906466671289e-06
7191.3818359375	1.3529159566761505e-06
7200.0	1.0744901921730487e-06
7201.38427734375	1.0300850450689116e-06
7210.0	1.0501444016379894e-06
7211.38720703125	1.0532342246803993e-06
7220.0	1.1065022909696276e-06
7221.3896484375	1.1151944675206939e-06
7230.0	1.1100618385820423e-06
7231.392578125	1.1090369246702565e-06
7240.0	1.0445608023813027e-06
7241.39501953125	1.0342853452658462e-06
7250.0	9.508082655566138e-07
7251.39794921875	9.371828525709646e-07
7260.0	8.407367757148382e-07
7261.400390625	8.252099214802376e-07
7270.0	8.715667318225874e-07
7271.4033203125	8.791017325739324e-07
7280.0	1.309370571113151e-06
7281.40576171875	1.3792867979828601e-06
7290.0	1.9987087443591835e-06
7291.40869140625	2.100015761979266e-06
7300.0	2.781672343597264e-06
7301.41162109375	2.8928805396102285e-06
7310.0	3.3354190896188956e-06
7311.4140625	3.4083582214847834e-06
7320.0	3.3556646580063454e-06
7321.41650390625	3.3465841497672046e-06
7330.0	2.8202638142757513e-06
7331.41943359375	2.733976910824306e-06
7340.0	2.0533440284183796e-06
7341.421875	1.940747153857968e-06
7350.0	1.335356554370511e-06
7351.4248046875	1.2354317545860566e-06
7360.0	8.943399731707521e-07
7361.427734375	8.376628083753167e-07
7370.0	8.347432720140607e-07
7371.43017578125	8.343622739538209e-07
7380.0	9.153298187458078e-07
7381.43310546875	9.286991666630859e-07
7390.0	1.0028934587869677e-06
7391.435546875	1.0153942193239015e-06
7400.0	1.0248049318804525e-06
7401.4384765625	1.0262481922371723e-06
7410.0	9.628950252604355e-07
7411.44091796875	9.524030827012283e-07
7420.0	8.975903359334716e-07
7421.44384765625	8.88265387910138e-07
7430.0	1.0885766289317112e-06
7431.4462890625	1.1225013655288535e-06
7440.0	1.583602378208675e-06
7441.44921875	1.6612477330786069e-06
7450.0	2.251266413590098e-06
7451.45166015625	2.3513068763554483e-06
7460.0	2.9070396722371343e-06
7461.45458984375	3.0008938588178026e-06
7470.0	3.2379540457842994e-06
7471.45703125	3.278618630744176e-06
7480.0	2.88714823404119e-06
7481.4599609375	2.8201092468663074e-06
7490.0	2.156726864865913e-06
7491.46240234375	2.0438803315310917e-06
7500.0	1.3815697788622328e-06
7501.46533203125	1.2680503747879312e-06
7510.0	7.26170873598632e-07
7511.4677734375	6.334893590369189e-07
7520.0	4.2120900571551837e-07
7521.470703125	3.8470304798770885e-07
7530.0	4.3460294813117654e-07
7531.4736328125	4.432423561360698e-07
7540.0	5.974893289530757e-07
7541.47607421875	6.240114181061385e-07
7550.0	9.97222954595641e-07
7551.47900390625	1.0618208516396455e-06
7560.0	1.675140413143069e-06
7561.4814453125	1.781138888487082e-06
7570.0	2.5209530807648264e-06
7571.484375	2.6496202897394134e-06
7580.0	3.2077457122863243e-06
7581.48681640625	3.304389193240045e-06
7590.0	3.5146569275250767e-06
7591.48974609375	3.551746643825371e-06
7600.0	3.262831383677172e-06
7601.4921875	3.2119293821880915e-06
7610.0	2.594729932199936e-06
7611.4951171875	2.4867623126698215e-06
7620.0	1.7486048304917806e-06
7621.49755859375	1.619443100019863e-06
7630.0	1.0170116777215328e-06
7631.50048828125	9.108189315915698e-07
7640.0	5.121598300558416e-07
7641.5029296875	4.42130232588654e-07
7650.0	3.008450635575435e-07
7651.505859375	2.758907143870461e-07
7660.0	2.3485061144223038e-07
7661.50830078125	2.2763517004476307e-07
7670.0	2.0090680230426446e-07
7671.51123046875	1.9614633672423865e-07
7680.0	2.123787590022555e-07
7681.513671875	2.1528494523187723e-07
7690.0	2.2279903333806554e-07
7691.5166015625	2.241043016220969e-07
7700.0	2.718277583974471e-07
7701.51953125	2.80325302285336e-07
7710.0	3.7285756550908536e-07
7711.52197265625	3.894193722977564e-07
7720.0	5.389403805348649e-07
7721.52490234375	5.656224239429896e-07
7730.0	7.190881846815912e-07
7731.52734375	7.466834976210119e-07
7740.0	8.58873308078193e-07
7741.52978515625	8.789064587356664e-07
7750.0	9.066691863796368e-07
7751.53271484375	9.117859836003145e-07
7760.0	8.71278393536847e-07
7761.53515625	8.638492644436209e-07
7770.0	7.447721696682741e-07
7771.5380859375	7.232601751588043e-07
7780.0	5.741621593552412e-07
7781.541015625	5.472434698826445e-07
7790.0	4.348374036982383e-07
7791.54345703125	4.1437127965469845e-07
7800.0	3.217180292736509e-07
7801.54638671875	3.0491666766415815e-07
7810.0	2.487083105647154e-07
7811.548828125	2.3842781935532696e-07
7820.0	2.210741694474124e-07
7821.5517578125	2.1793645040039458e-07
7830.0	1.9604925081579577e-07
7831.55419921875	1.9204385115996994e-07
7840.0	2.0815480737294518e-07
7841.55712890625	2.1110970639333093e-07
7850.0	2.442807180315094e-07
7851.5595703125	2.5041197236595956e-07
7860.0	3.305853848617915e-07
7861.5625	3.453165195566524e-07
7870.0	5.270508427977922e-07
7871.56494140625	5.606661619498754e-07
7880.0	7.924133160028908e-07
7881.56787109375	8.351909811268231e-07
7890.0	1.0680637173637687e-06
7891.5703125	1.1112094637279047e-06
7900.0	1.2689188155849182e-06
7901.5732421875	1.2983847972852713e-06
7910.0	1.3020691030244124e-06
7911.57568359375	1.3025665302938058e-06
7920.0	1.1502818317060503e-06
7921.57861328125	1.122047837746205e-06
7930.0	9.44989728138796e-07
7931.58154296875	9.117447991655495e-07
7940.0	6.752774009878108e-07
7941.583984375	6.31010146830935e-07
7950.0	4.7573237622387306e-07
7951.5869140625	4.466661090502662e-07
7960.0	3.8768672612594245e-07
7961.58935546875	3.7653628212706587e-07
7970.0	4.0719175708177156e-07
7971.59228515625	4.1296537246376104e-07
7980.0	5.052430450803517e-07
7981.5947265625	5.227375451835416e-07
7990.0	7.438661279255513e-07
7991.59765625	7.856291753975346e-07
8000.0	9.921444335351005e-07
8001.60009765625	1.0312769943068482e-06
8010.0	1.21128052427337e-06
8011.60302734375	1.2453030064776015e-06
8020.0	1.3178803523868366e-06
8021.60546875	1.3316864229233898e-06
8030.0	1.2492409475933767e-06
8031.6083984375	1.2337370237050703e-06
8040.0	1.0599208193917627e-06
8041.611328125	1.0265477211390252e-06
8050.0	8.404473537528454e-07
8051.61376953125	8.048415977234623e-07
8060.0	6.802069524149208e-07
8061.61669921875	6.56407551569643e-07
8070.0	5.45721944694771e-07
8071.619140625	5.243646880000587e-07
8080.0	4.604010394580403e-07
8081.6220703125	4.480886367901887e-07
8090.0	3.8394054791439934e-07
8091.62451171875	3.716253418448659e-07
8100.0	2.855508587419759e-07
8101.62744140625	2.688636772229051e-07
8110.0	2.150965949431314e-07
8111.6298828125	2.0468792753690836e-07
8120.0	1.7342852432320716e-07
8121.6328125	1.673895013647223e-07
8130.0	1.4557131727674325e-07
8131.63525390625	1.413058994797616e-07
8140.0	1.7098535306269023e-07
8141.63818359375	1.7676391100703903e-07
8150.0	2.483000211901305e-07
8151.640625	2.622938005917942e-07
8160.0	3.620278963669943e-07
8161.6435546875	3.814830603431677e-07
8170.0	5.644976267488525e-07
8171.64599609375	6.003358623145504e-07
8180.0	8.232628781674779e-07
8181.64892578125	8.671377518614352e-07
8190.0	1.0404970382696528e-06
8191.6513671875	1.0744425150468843e-06
8200.0	1.1695860161054207e-06
8201.654296875	1.1883509348392752e-06
8210.0	1.1679135462868967e-06
8211.6572265625	1.164051426869668e-06
8220.0	9.708156863119712e-07
8221.66015625	9.324019535983259e-07
8230.0	7.302588286511447e-07
8231.662109375	6.90268145618664e-07
8240.0	4.7509416992209233e-07
8241.6650390625	4.3241294385652075e-07
8250.0	2.738469204367651e-07
8251.66796875	2.4221327571341484e-07
8260.0	1.6256158849265748e-07
8261.6708984375	1.466713182859472e-07
8270.0	1.0182040380428861e-07
8271.6728515625	9.287377470422994e-08
8280.0	8.39360842309502e-08
8281.67578125	8.213224749440366e-08
8290.0	6.786989830489156e-08
8291.6787109375	6.500863266755306e-08
8300.0	6.08665468792587e-08
8301.681640625	6.003369261224562e-08
8310.0	5.552386493725647e-08
8311.68359375	5.462428040477672e-08
8320.0	5.686439634638869e-08
8321.6865234375	5.730745150159281e-08
8330.0	7.306993798209877e-08
8331.689453125	7.625552253687721e-08
8340.0	8.828536867708963e-08
8341.6923828125	9.073569543397006e-08
8350.0	1.2038096481790142e-07
8351.6943359375	1.2637934388977137e-07
8360.0	1.816655728184505e-07
8361.697265625	1.9290051085754712e-07
8370.0	2.742715973546708e-07
8371.7001953125	2.908411921762853e-07
8380.0	3.8922758674730607e-07
8381.703125	4.0936800287138713e-07
8390.0	4.976637755340208e-07
8391.7060546875	5.156515023699135e-07
8400.0	5.432501901534596e-07
8401.7080078125	5.489664546085123e-07
8410.0	5.264693304133314e-07
8411.7109375	5.219311413360074e-07
8420.0	4.5772375561561017e-07
8421.7138671875	4.4442843198678644e-07
8430.0	3.408072189691203e-07
8431.716796875	3.194934989995803e-07
8440.0	2.302334519743569e-07
8441.71875	2.117864789896603e-07
8450.0	1.681819879605795e-07
8451.7216796875	1.5917872006861e-07
8460.0	1.0143582337297225e-07
8461.724609375	8.942981010430215e-08
8470.0	8.152920823624752e-08
8471.7275390625	7.988646381119935e-08
8480.0	5.6592563228814985e-08
8481.73046875	5.174004280026496e-08
8490.0	3.997490355679521e-08
8491.732421875	3.752659946094203e-08
8500.0	2.3515889216859685e-07
8501.7353515625	2.764021431814179e-07
8510.0	6.811825326571706e-07
8511.73828125	7.658542795298113e-07
8520.0	1.6632707111382563e-07
8521.7412109375	4.0662220682088085e-08
8530.0	1.1038825270703033e-06
8531.7431640625	1.3272713376788286e-06
8540.0	8.593001851211697e-07
8541.74609375	7.606630180787447e-07
8550.0	7.894186604780204e-07
8551.7490234375	7.954728434692992e-07
8560.0	1.3868439640892298e-07
8561.751953125	1.0968223403226839e-11
8570.0	9.182277887775909e-07
8571.75390625	1.1125512581661186e-06
8580.0	1.9463809853902128e-07
8581.7568359375	1.0853725407249666e-11
8590.0	1.042714736780131e-06
8591.759765625	1.264019436014501e-06
8600.0	2.216827783675626e-07
8601.7626953125	1.0728161104735012e-11
8610.0	1.571035494258286e-07
8611.7646484375	1.9058995699417026e-07
8620.0	7.978955824375823e-07
8621.767578125	9.274331249522334e-07
8630.0	9.031875014856844e-07
8631.7705078125	8.98318130560058e-07
8640.0	9.143451628381637e-07
8641.7734375	9.177792012674228e-07
8650.0	8.932496110008759e-07
8651.7763671875	8.879683985246722e-07
8660.0	2.6344222645006996e-07
8661.7783203125	1.2897048384369453e-07
8670.0	1.9781046864861413e-07
8671.78125	2.1263918128946226e-07
8680.0	6.144717699313157e-07
8681.7841796875	7.013289522876918e-07
8690.0	1.248634795601855e-07
8691.787109375	1.030102376979084e-11
8700.0	1.0264070883880206e-11
8701.7890625	1.025598002023097e-11
8710.0	6.843973174122533e-07
8711.7919921875	8.332363612560858e-07
8720.0	6.426345257400317e-07
8721.794921875	6.009942181491487e-07
8730.0	6.791473757416979e-07
8731.7978515625	6.961886447558515e-07
8740.0	9.60646642170479e-07
8741.80078125	1.018432634374108e-06
8750.0	1.828642140229497e-07
8751.802734375	1.0033880014274895e-11
8760.0	6.846928871241461e-07
8761.8056640625	8.349344610262825e-07
8770.0	9.295955608952777e-07
8771.80859375	9.5023638424493e-07
8780.0	7.218219206842197e-07
8781.8115234375	6.715489397666664e-07
8790.0	2.078767687348067e-07
8791.8134765625	1.0569556179014273e-07
8800.0	2.849811453186437e-07
8801.81640625	3.244815171419798e-07
8810.0	5.984937018958081e-07
8811.8193359375	6.591308088155633e-07
8820.0	4.611244201402112e-07
8821.822265625	4.1718334529837026e-07
8830.0	1.5327436018905686e-07
8831.82421875	9.481472407117219e-08
8840.0	1.7256504209170757e-08
8841.8271484375	9.57388804768625e-12
8850.0	1.305489117573782e-07
8851.830078125	1.5963070478172485e-07
8860.0	3.097053620558603e-07
8861.8330078125	3.43200633543403e-07
8870.0	2.843235086301496e-07
8871.8359375	2.7120211410006285e-07
8880.0	4.711189814029981e-07
8881.837890625	5.158338559310726e-07
8890.0	9.452043155626016e-08
8891.8408203125	9.336319314374249e-12
8900.0	4.862677697563889e-07
8901.84375	5.955452378982579e-07
8910.0	1.0945812091618195e-07
8911.8466796875	9.234115329295746e-12
8920.0	1.2462649190672359e-08
8921.8486328125	1.5270268579139825e-08
8930.0	2.6718860859996983e-07
8931.8515625	3.2408195695938983e-07
8940.0	6.32493746026675e-07
8941.8544921875	7.023976878732954e-07
8950.0	1.2991293719264784e-07
8951.857421875	9.032453280406952e-12
8960.0	3.61845964304317e-07
8961.859375	4.439751062256519e-07
8970.0	5.90202151300731e-07
8971.8623046875	6.234453087283653e-07
8980.0	1.1567994633076547e-07
8981.865234375	8.86938564931344e-12
8990.0	2.6849415410379497e-07
8991.8681640625	3.29765232900566e-07
9000.0	7.746237897792442e-08
9001.8701171875	1.980009243449114e-08
9010.0	1.159839137832231e-07
9011.873046875	1.379980938994544e-07
9020.0	2.5745421338727488e-08
9021.8759765625	8.630611497371612e-12
9030.0	1.230830503963864e-07
9031.87890625	1.5134132272500198e-07
9040.0	1.560227847697905e-07
9041.8818359375	1.5709793470379406e-07
9050.0	2.138504766464412e-07
9051.8837890625	2.2692015922665e-07
9060.0	2.4275701289742394e-07
9061.88671875	2.464081044224795e-07
9070.0	4.62710173655009e-08
9071.8896484375	8.313282255023392e-12
9080.0	8.26186128549052e-12
9081.892578125	8.251378976973859e-12
9090.0	3.11743270074072e-08
9091.89453125	3.8400489503732916e-08
9100.0	1.3372304130877186e-07
9101.8974609375	1.5586117877653864e-07
9110.0	1.3707194858062996e-07
9111.900390625	1.3269806700640883e-07
9120.0	5.039491629615937e-07
9121.9033203125	5.904810643644295e-07
9130.0	2.663422275574028e-07
9131.90625	1.906449796706941e-07
9140.0	4.2424438609210366e-08
9141.908203125	7.766962667996259e-09
9150.0	3.2782144938396735e-08
9151.9111328125	3.86403542136956e-08
9160.0	7.349476118082497e-09
9161.9140625	7.738483977930444e-12
9170.0	6.756174184797856e-08
9171.9169921875	8.343849772315327e-08
9180.0	8.590798936144416e-08
9181.9189453125	8.650405096398911e-08
9190.0	8.08100027917768e-08
9191.921875	7.944990599602443e-08
9200.0	2.1658097810621317e-07
9201.9248046875	2.489276475961306e-07
9210.0	1.9112166810473043e-07
9211.927734375	1.7745233431742177e-07
9220.0	8.260725318502335e-08
9221.9306640625	6.0144991719708e-08
9230.0	1.931021756781421e-07
9231.9326171875	2.2464138793369276e-07
9240.0	1.4172870109957593e-07
9241.935546875	1.2202625293290724e-07
9250.0	1.600825385256895e-07
9251.9384765625	1.6913622705021343e-07
9260.0	8.454811892971072e-08
9261.94140625	6.437934278083624e-08
9270.0	1.0081624172564162e-07
9271.943359375	1.0951120313720276e-07
9280.0	8.415031531013144e-08
9281.9462890625	7.808488733856464e-08
9290.0	3.4017368786700985e-08
9291.94921875	2.3462907764913215e-08
9300.0	7.715897533263096e-08
9301.9521484375	9.005575488732033e-08
9310.0	4.179756630080045e-08
9311.955078125	3.018257022821592e-08
9320.0	1.580517095464986e-07
9321.95703125	1.888100082934234e-07
9330.0	1.478235806881572e-07
9331.9599609375	1.3794318006545055e-07
9340.0	9.723790279772557e-08
9341.962890625	8.741031642267196e-08
9350.0	3.911939820362429e-08
9351.9658203125	2.7443438679548888e-08
9360.0	5.6517921502208906e-08
9361.9677734375	6.35531082294102e-08
9370.0	2.8278394300773707e-08
9371.970703125	1.9726632058988003e-08
9380.0	8.280937555561574e-08
9381.9736328125	9.812289177085874e-08
9390.0	6.876166019833086e-08
9391.9765625	6.16185701473348e-08
9400.0	1.4878407103206185e-07
9401.978515625	1.69965091771026e-07
9410.0	1.21763054425269e-07
9411.9814453125	1.1001696256050073e-07
9420.0	2.158181758880508e-08
9421.984375	5.842138488526764e-12
9430.0	7.070997676895262e-08
9431.9873046875	8.799491371318429e-08
9440.0	2.401509480309068e-08
9441.990234375	8.345390719105323e-09
9450.0	3.932420421119074e-08
9451.9921875	4.6917164855255124e-08
9460.0	9.253047076861722e-09
9461.9951171875	5.5149958678860204e-12
9470.0	6.300365384528155e-08
9471.998046875	7.849121499607045e-08
9480.0	2.5322347642244824e-08
9482.0009765625	1.22270702653084e-08
9490.0	2.4791175464595245e-08
9492.0029296875	2.7887145416891723e-08
9500.0	5.52575971007868e-09
9502.005859375	5.191264499465067e-12
9510.0	4.5731652733521636e-08
9512.0087890625	5.7107839789214745e-08
9520.0	1.1397701126303976e-08
9522.01171875	5.088958601678824e-12
9530.0	5.047819047825389e-12
9532.013671875	5.037419431995196e-12
9540.0	1.3431376941511386e-07
9542.0166015625	1.6787513124122615e-07
9550.0	8.662360235518178e-08
9552.01953125	6.628197360850133e-08
9560.0	1.3291861428635184e-08
9562.0224609375	4.8811769610829094e-12
9570.0	5.007542126694984e-09
9572.025390625	6.263809196215798e-09
9580.0	5.773350024135406e-08
9582.02734375	7.067329791873785e-08
9590.0	3.881651013634526e-08
9592.0302734375	3.0793087968976497e-08
9600.0	3.9963975555760493e-08
9602.033203125	4.228156676407684e-08
9610.0	8.535991293890727e-09
9612.0361328125	4.6171421809437425e-12
9620.0	4.514983112600379e-08
9622.0380859375	5.656231641681186e-08
9630.0	4.36841345574249e-08
9632.041015625	4.042144854282243e-08
9640.0	2.8132094869354535e-08
9642.0439453125	2.501440120671383e-08
9650.0	2.5620607558760046e-08
9652.046875	2.5773586757389078e-08
9660.0	6.579196157324566e-08
9662.0498046875	7.597019596151426e-08
9670.0	4.4600556954611314e-08
9672.0517578125	3.660928160995607e-08
9680.0	7.443381608958247e-09
9682.0546875	4.218344267357528e-12
9690.0	5.040457016437493e-09
9692.0576171875	6.3267343196191416e-09
9700.0	2.890867912541104e-09
9702.060546875	2.0116849875855263e-09
9710.0	7.360296116465283e-09
9712.0625	8.729811448087479e-09
9720.0	9.67757835989344e-09
9722.0654296875	9.920172700283549e-09
9730.0	2.3279099265590037e-08
9732.068359375	2.6709347935036818e-08
9740.0	7.970825920224786e-08
9742.0712890625	9.333807855953673e-08
9750.0	2.5761417524284845e-08
9752.0732421875	8.35787585293365e-09
9760.0	3.4285906608593593e-09
9762.076171875	2.1572933333451344e-09
9770.0	4.4572729563038676e-10
9772.0791015625	3.693687144511259e-12
9780.0	1.6380695564257428e-08
9782.08203125	2.061516578359207e-08
9790.0	3.014806475829638e-08
9792.0849609375	3.261512640328623e-08
9800.0	4.1659731553886604e-08
9802.0869140625	4.3996433259391546e-08
9810.0	9.066227507575224e-09
9812.08984375	3.4522678633583022e-12
9820.0	2.6702783101309466e-08
9822.0927734375	3.363726752013349e-08
9830.0	6.947506344917655e-09
9832.095703125	3.327965381972324e-12
9840.0	2.6907681290014512e-08
9842.09765625	3.391413484042718e-08
9850.0	7.018691494549194e-09
9852.1005859375	3.2053409501883083e-12
9860.0	4.0390137105472245e-08
9862.103515625	5.0934510236672965e-08
9870.0	1.0562047110216958e-08
9872.1064453125	3.0819612878452702e-12
9880.0	1.0171590192428826e-08
9882.109375	1.283329792452928e-08
9890.0	2.667386861839751e-09
9892.111328125	2.957854155985102e-12
9900.0	5.581224131839869e-09
9902.1142578125	7.042597664656562e-09
9910.0	1.4662658630709013e-09
9912.1171875	2.8300049486763223e-12
9920.0	2.7806852942201555e-12
9922.1201171875	2.7673968546308332e-12
9930.0	9.001741534317322e-09
9932.1220703125	1.1369137583127736e-08
9940.0	2.322818757200414e-08
9942.125	2.6349697772571247e-08
9950.0	2.1666618601162247e-08
9952.1279296875	2.0428540323910226e-08
9960.0	1.4835546661186595e-08
9962.130859375	1.3356683939763009e-08
9970.0	6.194773164503944e-09
9972.1337890625	4.300817382124022e-09
9980.0	9.01532162722038e-10
9982.1357421875	2.388295454173794e-12
9990.0	2.9183737392079836e-08
9992.138671875	3.690297336982718e-08
10000.0	1.4738480684110779e-08
10002.140625	8.87420141530653e-09
10010.0	1.2622975786715975e-08
10012.1435546875	1.3619059876518637e-08
10020.0	1.452281062532765e-08
10022.1474609375	1.4761731295366982e-08
10030.0	1.553833685666079e-08
10032.150390625	1.5739702919302802e-08
10040.0	2.7837858834841968e-08
10042.15234375	3.10680103940794e-08
10050.0	6.554999858030414e-09
10052.1552734375	1.98698291879125e-12
10060.0	1.057259767571682e-08
10062.158203125	1.33989344678199e-08
10070.0	2.8311139317687898e-09
10072.16015625	1.877647415204508e-12
10080.0	9.01961256373598e-09
10082.1630859375	1.1433546185340302e-08
10090.0	1.681362001541444e-08
10092.166015625	1.8252646055289418e-08
10100.0	1.7351825486001504e-08
10102.1689453125	1.7106428676476906e-08
10110.0	1.0008796021518379e-08
10112.1708984375	8.101672218727917e-09
10120.0	1.7165441488428655e-09
10122.173828125	1.604033739865244e-12
10130.0	3.529212046525993e-09
10132.1767578125	4.476068054979553e-09
10140.0	1.2286838455059204e-08
10142.1787109375	1.438206191094619e-08
10150.0	1.0945256977722826e-08
10152.181640625	1.0018326352150573e-08
10160.0	1.5424606223638877e-08
10162.1845703125	1.687306560319065e-08
10170.0	3.578842945137682e-09
10172.1884765625	1.3301814327710681e-12
10180.0	7.492318348559331e-09
10182.1904296875	9.50413718435023e-09
10190.0	8.903020845150589e-09
10192.193359375	8.737735403675064e-09
10200.0	5.332018011386921e-09
10202.1962890625	4.432765680591081e-09
10210.0	4.10784285220298e-09
10212.1982421875	4.019127014045131e-09
10220.0	7.961759784615374e-09
10222.201171875	9.043114117803483e-09
10230.0	3.790612451551136e-09
10232.2041015625	2.3462610047833684e-09
10240.0	5.071179635743191e-10
10242.20703125	1.0490851725363922e-12
10250.0	1.7461240846842443e-09
10252.208984375	2.226105432602289e-09
10260.0	9.375240434729117e-09
10262.2119140625	1.13424605286024e-08
10270.0	3.463450852208334e-09
10272.21484375	1.2905784642388156e-09
10280.0	2.0424875235115994e-09
10282.216796875	2.249653816522726e-09
10290.0	2.0484001086333532e-09
10292.2197265625	1.9923864012434238e-09
10300.0	4.0969540998743964e-09
10302.22265625	4.67682240664277e-09
10310.0	4.145350523691358e-09
10312.2255859375	3.9974294920926296e-09
10320.0	8.658856312086823e-10
10322.2275390625	8.054745095932193e-13
10330.0	4.680288084071231e-09
10332.2314453125	5.971917447479321e-09
10340.0	1.2942563591955337e-09
10342.234375	7.449593958486082e-13
10350.0	2.699167214997072e-09
10352.236328125	3.443846910032707e-09
10360.0	5.4044630522110715e-09
10362.2392578125	5.943982854259267e-09
10370.0	4.400294664319863e-09
10372.2421875	3.9719212312552805e-09
10380.0	3.3347398710577978e-09
10382.244140625	3.1572557273282535e-09
10390.0	2.402648861587444e-09
10392.2470703125	2.193229973734469e-09
10400.0	3.627237286385145e-09
10402.25	4.042517000958123e-09
10410.0	1.6485776370532668e-09
10412.2529296875	9.722582775270442e-10
10420.0	1.215863643367937e-09
10422.2548828125	1.2845816555358492e-09
10430.0	2.636144972846451e-09
10432.2578125	3.0183915573297442e-09
10440.0	5.521356929342513e-09
10442.2607421875	6.229663333685304e-09
10450.0	6.454808973586588e-09
10452.2626953125	6.515613840227249e-09
10460.0	2.6748094158082247e-09
10462.265625	1.5862293123897736e-09
10470.0	1.0816792231667065e-09
10472.2685546875	9.38187834622e-10
10480.0	1.1316693708436756e-09
10482.2724609375	1.1863703167584885e-09
10490.0	1.62223829443808e-09
10492.2744140625	1.7457025436838536e-09
10500.0	5.356367548397393e-10
10502.27734375	1.9134652806657556e-10
10510.0	4.2658554770112256e-11
10512.2802734375	3.98093541894593e-13
10520.0	7.456889367125083e-10
10522.2822265625	9.574154754789547e-10
10530.0	2.1235952827499058e-10
10532.28515625	3.6790486460678475e-13
10540.0	9.216634793814249e-10
10542.2880859375	1.1833600656293018e-09
10550.0	2.8939134395210207e-09
10552.291015625	3.378300741843963e-09
10560.0	1.8100247010855552e-09
10562.29296875	1.3643085538922783e-09
10570.0	5.652910152805829e-10
10572.2958984375	3.380331311618677e-10
10580.0	4.677017582225201e-10
10582.298828125	5.042530239022334e-10
10590.0	2.9553075768513835e-10
10592.30078125	2.3617312039109147e-10
10600.0	2.1762167450931054e-09
10602.3037109375	2.7441462211233725e-09
10610.0	6.21089824876734e-10
10612.306640625	2.582275292390768e-13
10620.0	2.534990617983303e-13
10622.3095703125	2.520808182564454e-13
10630.0	9.83291787651421e-10
10632.3115234375	1.2714426541908698e-09
10640.0	1.6950696362661895e-09
10642.3154296875	1.818736684673501e-09
10650.0	5.802504334640232e-10
10652.318359375	2.1653195718857367e-10
10660.0	1.8993577309796672e-10
10662.3203125	1.8208233106322288e-10
10670.0	1.2775256264530011e-09
10672.3232421875	1.5998409293707583e-09
10680.0	5.839595901091621e-10
10682.326171875	2.844780207246108e-10
10690.0	2.054658541102456e-10
10692.3291015625	1.8207241997426644e-10
10700.0	4.8312465162771296e-11
10702.3310546875	8.879929336760012e-12
10710.0	4.802994727041156e-10
10712.333984375	6.194099758271317e-10
10720.0	1.718581476616829e-10
10722.3369140625	3.9560147641125396e-11
10730.0	6.797798158451632e-10
10732.3388671875	8.686348797056603e-10
10740.0	5.405070387424403e-10
10742.341796875	4.435625698196082e-10
10750.0	7.924687420590503e-10
10752.3447265625	8.955132282866981e-10
10760.0	6.791456320331719e-10
10762.34765625	6.14894462395447e-10
10770.0	1.1064982714296646e-09
10772.349609375	1.251369724857831e-09
10780.0	2.8583952233568834e-10
10782.3525390625	1.5457010185352437e-13
10790.0	6.304489072741602e-10
10792.3564453125	8.170066123737872e-10
10800.0	6.660363196737981e-10
10802.3583984375	6.225275825614945e-10
10810.0	1.4355912152656547e-10
10812.361328125	1.3857623438995753e-13
10820.0	2.1011208846461454e-09
10822.3642578125	2.729991634101645e-09
10830.0	8.289181978547937e-10
10832.3671875	2.588749854385498e-10
10840.0	5.981463610151259e-11
10842.369140625	1.2509184772256897e-13
10850.0	6.135655532543171e-10
10852.3720703125	7.973347488020751e-10
10860.0	5.225266510691424e-10
10862.375	4.399263507632093e-10
10870.0	2.7449313846008875e-10
10872.376953125	2.2478156080993286e-10
10880.0	9.969347589958512e-10
10882.3798828125	1.2278070575431061e-09
10890.0	2.832012873472114e-10
10892.3828125	1.0285898864170802e-13
10900.0	2.877320464294249e-10
10902.3857421875	3.7387060427678506e-10
10910.0	6.716446174171913e-10
10912.3876953125	7.605744495098745e-10
10920.0	1.7544989731135503e-10
10922.390625	8.976231535018701e-14
10930.0	8.638102894149235e-14
10932.3935546875	8.534488481457067e-14
10940.0	3.6045947880031103e-10
10942.396484375	4.680194056620967e-10
10950.0	2.87570031943115e-10
10952.3994140625	2.3339082689072034e-10
10960.0	5.366518473181402e-11
10962.40234375	7.230725552231206e-14
10970.0	1.6905571900808202e-10
10972.4052734375	2.1922867305745207e-10
10980.0	2.5405897356289697e-10
10982.4072265625	2.640741428335661e-10
10990.0	3.2311042246468105e-10
10992.41015625	3.4028564547275906e-10
11000.0	1.7819669692682552e-10
11002.4130859375	1.3097605194582845e-10
11004.8271484375	0.0
