WAVELENGTH	THROUGHPUT
1989.3538818359375	0.0
1990.0	4.1415973320928276e-10
1990.6463623046875	1.3279076812584201e-11
2000.0	1.3697816487307744e-11
2000.648193359375	1.3708151701694563e-11
2010.0	6.313425077325993e-09
2010.64990234375	6.756261495717448e-09
2020.0	4.700242176454968e-09
2020.6517333984375	4.5549481570084475e-09
2030.0	2.9804061243777187e-09
2030.6534423828125	2.869348741285816e-09
2040.0	5.401072099614314e-09
2040.6552734375	5.580494877248924e-09
2050.0	3.8387869759525074e-10
2050.656982421875	1.4492465151464133e-11
2060.0	1.4668179052788277e-11
2060.658935546875	1.468052064706091e-11
2070.0	6.588835781528192e-09
2070.660888671875	7.059366364827288e-09
2080.0	6.33246125346833e-09
2080.662841796875	6.280569959336165e-09
2090.0	4.3647797266005954e-10
2090.664794921875	1.5227319363581618e-11
2100.0	4.726377615125932e-09
2100.666748046875	5.0741291423838746e-09
2110.0	6.457435372131647e-10
2110.668701171875	3.177215091453686e-10
2120.0	3.7309909028713524e-11
2120.670654296875	1.6483926355394356e-11
2130.0	3.938721889692759e-09
2130.672607421875	4.230510172467443e-09
2140.0	1.7997979966721419e-09
2140.674560546875	1.6182527612796767e-09
2150.0	1.1519261937782609e-08
2150.676513671875	1.2259579348535625e-08
2160.0	8.733593456226868e-10
2160.6787109375	1.8671029213225766e-11
2170.0	3.230343961821825e-09
2170.6806640625	3.471855575229821e-09
2180.0	1.1986640944771873e-09
2180.682861328125	1.0270296060303442e-09
2190.0	4.337014973094414e-09
2190.684814453125	4.58723961550379e-09
2200.0	1.514591740332293e-09
2200.68701171875	1.2815250228171995e-09
2210.0	6.1873120710732546e-09
2210.68896484375	6.561412961555711e-09
2220.0	4.87205104657638e-10
2220.691162109375	2.229636484889499e-11
2230.0	8.673896955382082e-09
2230.693115234375	9.333705809775941e-09
2240.0	1.0178371477826831e-08
2240.6953125	1.0241814981563015e-08
2250.0	4.2728634440512255e-09
2250.697509765625	3.81525596719121e-09
2260.0	3.733003276058086e-09
2260.69970703125	3.726487507044414e-09
2270.0	2.9035914600813297e-10
2270.701904296875	2.517218947188794e-11
2280.0	7.2524473470724594e-09
2280.7041015625	7.810915062278814e-09
2290.0	5.864243623790903e-10
2290.706298828125	2.6251692067050864e-11
2300.0	2.6762123980588874e-11
2300.70849609375	2.6789937856031756e-11
2310.0	5.85702645825813e-09
2310.71044921875	6.309213741722384e-09
2320.0	2.750388492458738e-09
2320.712890625	2.4731186870235833e-09
2330.0	5.4968500663744634e-09
2330.715087890625	5.732979328991239e-09
2340.0	5.238564921712077e-09
2340.71728515625	5.199724808889894e-09
2350.0	4.053321353586477e-10
2350.719482421875	2.8703371913440373e-11
2360.0	2.905643527349401e-11
2360.7216796875	2.9081700792866537e-11
2370.0	4.6328568495518905e-09
2370.723876953125	4.996617370113218e-09
2380.0	4.62353339831769e-09
2380.72607421875	4.593873475905546e-09
2390.0	3.664492796819453e-10
2390.728515625	3.018293429109702e-11
2400.0	3.050275348081136e-11
2400.730712890625	3.050127696278483e-11
2410.0	3.789736580071635e-09
2410.73291015625	4.086745187925572e-09
2420.0	6.056311089496519e-09
2420.735107421875	6.212386526288183e-09
2430.0	3.9654697033724735e-09
2430.737548828125	3.786082606077758e-09
2440.0	1.1385749764305438e-08
2440.73974609375	1.199147224619164e-08
2450.0	1.2271159396085225e-08
2450.7421875	1.2293476232295986e-08
2460.0	1.0586239827692437e-08
2460.744384765625	1.0448560735571951e-08
2470.0	1.5381404127923223e-09
2470.74658203125	8.219342998880463e-10
2480.0	9.738642695929476e-09
2480.7490234375	1.0458560030273915e-08
2490.0	3.955278054809875e-09
2490.751220703125	3.4283018796101394e-09
2500.0	8.045046547955172e-09
2500.753662109375	8.418345130790879e-09
2510.0	1.082512741513282e-08
2510.756103515625	1.1020734789159933e-08
2520.0	6.071244180750178e-09
2520.75830078125	5.667277826209543e-09
2530.0	9.414933974051127e-09
2530.760498046875	9.721828085814967e-09
2540.0	1.1076064782287923e-08
2540.762939453125	1.118718079582493e-08
2550.0	1.0342099570623123e-08
2550.765380859375	1.0271758656122226e-08
2560.0	3.7058887322103067e-09
2560.767578125	3.1642386071167917e-09
2570.0	2.7777208566814328e-09
2570.77001953125	2.745678094024197e-09
2580.0	5.606485714203019e-09
2580.7724609375	5.8439698367845196e-09
2590.0	2.858674763195093e-09
2590.77490234375	2.609976212560557e-09
2600.0	1.4156095256191807e-08
2600.777099609375	1.5116770771774217e-08
2610.0	1.2638011334882907e-08
2610.779541015625	1.242984543746583e-08
2620.0	8.622898367567007e-09
2620.781982421875	8.304519353620327e-09
2630.0	9.892549002153543e-09
2630.7841796875	1.0026323061607536e-08
2640.0	7.222133178050849e-09
2640.78662109375	6.984908745709626e-09
2650.0	1.3230348112161193e-08
2650.7890625	1.3759411484321051e-08
2660.0	1.2026589991836411e-08
2660.79150390625	1.1879277501227449e-08
2670.0	9.776897774562228e-09
2670.793701171875	9.597020949074649e-09
2680.0	9.540814749729182e-09
2680.796142578125	9.536575209585465e-09
2690.0	3.138449099203212e-09
2690.798583984375	2.5900794964445156e-09
2700.0	6.276683966425517e-09
2700.801025390625	6.599552776609592e-09
2710.0	1.4064595792778774e-08
2710.803466796875	1.4716885784066306e-08
2720.0	7.362605839147369e-09
2720.805908203125	6.718354028505792e-09
2730.0	1.120461193793078e-08
2730.808349609375	1.1598063638569565e-08
2740.0	7.49812403251751e-09
2740.810791015625	7.1374507787485665e-09
2750.0	4.224445931664527e-09
2750.81298828125	3.966520971708475e-09
2760.0	5.346193568371098e-09
2760.815673828125	5.4689429445644275e-09
2770.0	5.373471844968935e-09
2770.818115234375	5.364970585699487e-09
2780.0	3.341304638209854e-09
2780.8203125	3.1603358080177696e-09
2790.0	5.5372104678996685e-09
2790.822998046875	5.75047025112269e-09
2800.0	2.663599769332461e-09
2800.8251953125	2.3871224080875887e-09
2810.0	9.50379136165856e-09
2810.827880859375	1.0148220935410332e-08
2820.0	8.67880915908465e-10
2820.830078125	2.4810959735992888e-11
2830.0	2.491818292599295e-11
2830.83251953125	2.4923869140924412e-11
2840.0	3.4602942536207854e-09
2840.835205078125	3.774416429021163e-09
2850.0	3.401187281682622e-10
2850.837646484375	2.5085229726992713e-11
2860.0	7.840670375462509e-09
2860.840087890625	8.559226226854511e-09
2870.0	1.87611351725396e-08
2870.842529296875	1.9703552869568062e-08
2880.0	6.119154593195678e-09
2880.844970703125	4.860784285076856e-09
2890.0	4.360759673567558e-10
2890.847412109375	2.5405441116281064e-11
2900.0	2.8324533853276166e-09
2900.849853515625	3.0951182767526156e-09
2910.0	7.693541582835232e-09
2910.852294921875	8.124513765214955e-09
2920.0	1.8627119623956806e-09
2920.854736328125	1.2737554049045538e-09
2930.0	4.5690839756500086e-09
2930.857421875	4.880001110900621e-09
2940.0	4.460502408352203e-10
2940.85986328125	2.6248829972715673e-11
2950.0	8.447714271986412e-09
2950.8623046875	9.24817408523265e-09
2960.0	8.293420565198192e-10
2960.86474609375	2.6643210837737275e-11
2970.0	1.299817527052829e-08
2970.8671875	1.4238653786123224e-08
2980.0	2.282568930171677e-09
2980.86962890625	1.1355712314810567e-09
2990.0	5.381604247735201e-09
2990.872314453125	5.790324477159892e-09
3000.0	1.318604678979355e-08
3000.874755859375	1.389094252095449e-08
3010.0	1.9220822621761263e-08
3010.877197265625	1.9734646187630517e-08
3020.0	2.021216536635149e-09
3020.879638671875	3.119692504194559e-10
3030.0	5.25247481400996e-11
3030.882080078125	2.7411592017674103e-11
3040.0	9.966281351623263e-09
3040.884765625	1.0931359233724459e-08
3050.0	5.6220541788284575e-09
3050.88720703125	5.1045328411501295e-09
3060.0	5.998516503345213e-09
3060.8896484375	6.086255305073661e-09
3070.0	5.681334319400978e-10
3070.89208984375	2.7435992596713968e-11
3080.0	2.0950620615986653e-08
3080.894775390625	2.300748491674225e-08
3090.0	1.668866205167796e-08
3090.897216796875	1.6064311458654686e-08
3100.0	6.050205795399429e-09
3100.899658203125	5.06113200545513e-09
3110.0	8.097921019961235e-09
3110.902099609375	8.399140140552124e-09
3120.0	3.078685646531001e-09
3120.90478515625	2.5490268736590654e-09
3130.0	2.561192623613237e-10
3130.9072265625	2.746996986459251e-11
3140.0	3.3998853347012715e-09
3140.909912109375	3.737268998903763e-09
3150.0	3.569753272285308e-09
3150.912353515625	3.5532320952067704e-09
3160.0	3.5013088717023616e-10
3160.914794921875	2.749430632506343e-11
3170.0	6.559040834719369e-09
3170.917236328125	7.2188636604402125e-09
3180.0	1.419034198965485e-08
3180.919921875	1.4895634565020028e-08
3190.0	1.0893027123624623e-08
3190.92236328125	1.0487410957483408e-08
3200.0	4.214547226493953e-09
3200.9248046875	3.574435312847168e-09
3210.0	1.499467749647144e-08
3210.927490234375	1.6161502430613097e-08
3220.0	1.5267170985509344e-09
3220.929931640625	2.7455147081644246e-11
3230.0	5.676438273830357e-09
3230.9326171875	6.256974083194893e-09
3240.0	6.094749087790363e-10
3240.93505859375	2.7401064532792626e-11
3250.0	2.7365479528953496e-11
3250.9375	2.736407140612793e-11
3260.0	2.7350410331854172e-11
3260.940185546875	2.7346710552367737e-11
3270.0	2.731104110064024e-11
3270.942626953125	2.7309612588386378e-11
3280.0	1.568099501618097e-08
3280.9453125	1.731240096753204e-08
3290.0	1.044510020378489e-08
3290.94775390625	9.728152477692957e-09
3300.0	2.3177358581350377e-08
3300.9501953125	2.458623726733054e-08
3310.0	2.3636929509518225e-09
3310.952880859375	2.7200323832885318e-11
3320.0	2.7186508551686105e-11
3320.955322265625	2.718275492151575e-11
3330.0	2.7147198569127748e-11
3330.9580078125	2.7145731799002617e-11
3340.0	2.7131838279650894e-11
3340.96044921875	2.7128061987057654e-11
3350.0	5.508207780927924e-09
3350.962890625	6.091721128365914e-09
3360.0	6.122040482227717e-10
3360.965576171875	2.7073251675848765e-11
3370.0	2.7037762745495744e-11
3370.968017578125	2.703628319130301e-11
3380.0	2.7259939137197206e-09
3380.970703125	3.0156407543029257e-09
3390.0	3.173695402338503e-10
3390.97314453125	2.6981948313362564e-11
3400.0	8.355502169833918e-09
3400.975830078125	9.249892424359492e-09
3410.0	9.234571482867561e-10
3410.978271484375	2.677543910246172e-11
3420.0	2.6636229495101946e-11
3420.98095703125	2.6618799522383442e-11
3430.0	2.6458480132487686e-11
3430.9833984375	2.6443147416496523e-11
3440.0	2.6302366776893474e-11
3440.986083984375	2.628469220034982e-11
3450.0	2.6123069716521573e-11
3450.988525390625	2.610761929992013e-11
3460.0	2.5966572335813102e-11
3460.9912109375	2.5948790073275534e-11
3470.0	2.57871143733257e-11
3470.99365234375	2.5769300259673322e-11
3480.0	2.5607775043052038e-11
3480.996337890625	2.5592158118412272e-11
3490.0	2.2943164319524927e-08
3490.998779296875	2.5467506014469207e-08
3500.0	2.5563549585314375e-09
3501.00146484375	2.5255786759296726e-11
3510.0	2.556297033198216e-08
3511.00390625	2.8391695146171287e-08
3520.0	2.8611731847172494e-09
3521.006591796875	2.4919108758220686e-11
3530.0	1.524367336521251e-09
3531.009033203125	1.69138083657208e-09
3540.0	7.4256266857306265e-09
3541.01171875	8.066882094902432e-09
3550.0	8.353244717340976e-10
3551.014404296875	2.442185913976176e-11
3560.0	2.426057042539974e-11
3561.016845703125	2.4242326344562388e-11
3570.0	2.916536326455608e-09
3571.019287109375	3.2425579886961193e-09
3580.0	1.1124586348609327e-08
3581.02197265625	1.2014493968104329e-08
3590.0	7.468295518691082e-09
3591.024658203125	6.953921416405953e-09
3600.0	7.309279592123324e-10
3601.027099609375	2.3589071881791516e-11
3610.0	1.2681671514389997e-09
3611.02978515625	1.4114395214597525e-09
3620.0	1.6731532126047305e-10
3621.0322265625	2.3712296591213202e-11
3630.0	3.878195755294288e-09
3631.034912109375	4.323912743978366e-09
3640.0	4.706748176875307e-10
3641.03759765625	2.3813418663567966e-11
3650.0	1.7515147853247753e-08
3651.0400390625	1.9549009063715798e-08
3660.0	2.0625533057548443e-09
3661.04248046875	2.3930341477070494e-11
3670.0	2.3992213471024135e-11
3671.045166015625	2.399725693985881e-11
3680.0	2.404047626722012e-11
3681.0478515625	2.404553830992616e-11
3690.0	5.0880586547537874e-09
3691.05029296875	5.6838952251738485e-09
3700.0	2.292499050530523e-08
3701.052978515625	2.4957033142590632e-08
3710.0	2.6602884230827774e-09
3711.0556640625	2.4213840548707542e-11
3720.0	9.427864318621008e-09
3721.05810546875	1.0542523528797764e-08
3730.0	3.88301148969143e-08
3731.060791015625	4.2192604224258635e-08
3740.0	3.511899016575042e-08
3741.063232421875	3.4279113327321045e-08
3750.0	1.8472478610674874e-08
3751.06591796875	1.6580234717212785e-08
3760.0	1.329786190208505e-08
3761.068603515625	1.2905670623165042e-08
3770.0	1.4073626727619911e-09
3771.071044921875	2.456590712506714e-11
3780.0	2.884463636401704e-09
3781.07373046875	3.229050076859741e-09
3790.0	3.701005160567473e-10
3791.076416015625	2.4665007670207828e-11
3800.0	2.4727233029710583e-11
3801.078857421875	2.47428894910927e-11
3810.0	2.847851427883875e-08
3811.08154296875	3.1948189207289026e-08
3820.0	2.1289384314386876e-08
3821.083984375	1.9988112055024692e-08
3830.0	2.2068161287712926e-09
3831.086669921875	2.520003039573825e-11
3840.0	7.594385345642435e-09
3841.08935546875	8.525563491493678e-09
3850.0	9.76117476429308e-09
3851.091796875	9.912583958472204e-09
3860.0	2.2344450671743462e-08
3861.094482421875	2.3880447045219853e-08
3870.0	1.9702758528713618e-08
3871.09716796875	1.9186903394107977e-08
3880.0	2.279293936821151e-09
3881.099609375	1.7743009590847097e-10
3890.0	4.287195228719086e-11
3891.102294921875	2.6114089979986042e-11
3900.0	2.5612822803213625e-08
3901.10498046875	2.8810603467890705e-08
3910.0	3.2313265032858732e-09
3911.107421875	2.642596530244957e-11
3920.0	5.0416957735166815e-09
3921.110107421875	5.671175883355255e-09
3930.0	2.3932425759224174e-08
3931.11279296875	2.623310288501571e-08
3940.0	2.965594781201317e-09
3941.115478515625	2.6881490129183484e-11
3950.0	1.0345946531341461e-08
3951.117919921875	1.165127070533793e-08
3960.0	5.205084183089634e-08
3961.12060546875	5.7180216429501664e-08
3970.0	6.480533520037123e-09
3971.123291015625	2.7335588002572395e-11
3980.0	4.1961071776695484e-08
3981.125732421875	4.730668490573449e-08
3990.0	2.4228047541994925e-08
3991.12841796875	2.128018023445269e-08
4000.0	1.0457600184623348e-08
4001.131103515625	9.064690945549974e-09
4010.0	1.192738873184464e-08
4011.133544921875	1.22937613933326e-08
4020.0	1.045325354537709e-08
4021.13623046875	1.0218050864625478e-08
4030.0	9.747220670194517e-09
4031.138916015625	9.686312956304861e-09
4040.0	1.6821473403714303e-09
4041.1416015625	6.489060747599088e-10
4050.0	8.134702977982232e-09
4051.14404296875	9.104254937147795e-09
4060.0	1.4420385555412521e-08
4061.146728515625	1.51091667172702e-08
4070.0	7.167182878560053e-09
4071.1494140625	6.134077839180117e-09
4080.0	3.9009295113995244e-09
4081.15185546875	3.6100922511068555e-09
4090.0	1.2176224189936572e-08
4091.154541015625	1.3295722297130677e-08
4100.0	7.333981870102263e-09
4101.1572265625	6.55253398028772e-09
4110.0	8.245522492321411e-09
4111.15966796875	8.468793814438385e-09
4120.0	5.811006519136327e-09
4121.16259765625	5.459968899772568e-09
4130.0	6.382421035963588e-09
4131.1650390625	6.504245066668687e-09
4140.0	9.37402176409548e-09
4141.16748046875	9.753933060492118e-09
4150.0	1.2323155124768971e-08
4151.17041015625	1.2665489889023396e-08
4160.0	2.5167774353561256e-09
4161.1728515625	1.164960940243543e-09
4170.0	8.655897647566732e-09
4171.17529296875	9.65508148584579e-09
4180.0	6.5000874914478194e-09
4181.17822265625	6.078695860876633e-09
4190.0	9.30913422086444e-09
4191.1806640625	9.741628371796664e-09
4200.0	1.180004929803563e-09
4201.18359375	2.8943560676274065e-11
4210.0	5.379576248369791e-09
4211.18603515625	6.100647151495416e-09
4220.0	1.7326855145511122e-08
4221.1884765625	1.8845179881413613e-08
4230.0	1.377935077911642e-08
4231.19140625	1.3090652690041354e-08
4240.0	9.348952969493989e-09
4241.19384765625	8.841128014841672e-09
4250.0	5.068834791737527e-09
4251.1962890625	4.556146944200709e-09
4260.0	1.2801549645300685e-08
4261.19921875	1.3925754878758195e-08
4270.0	4.868879278491304e-09
4271.20166015625	3.6305855937172165e-09
4280.0	5.9922138928029905e-09
4281.20458984375	6.315973672190049e-09
4290.0	2.6012408859513306e-09
4291.20703125	2.0909876791706493e-09
4300.0	1.117414847818826e-08
4301.20947265625	1.2424961386855625e-08
4310.0	1.2176028988502952e-08
4311.21240234375	1.2141641211980636e-08
4320.0	7.494975317334518e-09
4321.21484375	6.851753936299304e-09
4330.0	8.01487613400589e-09
4331.2177734375	8.177162381755645e-09
4340.0	1.4745557111644072e-08
4341.22021484375	1.5658503486144298e-08
4350.0	1.418216864059928e-08
4351.22265625	1.397629699897937e-08
4360.0	1.5588688009474892e-08
4361.2255859375	1.5814098869764648e-08
4370.0	1.9698050565199897e-09
4371.22802734375	2.974387756761266e-11
4380.0	1.2284794415794183e-09
4381.23046875	1.3968398210900786e-09
4390.0	8.478468326794015e-09
4391.2333984375	9.475729649040476e-09
4400.0	6.682279318828218e-09
4401.23583984375	6.2879833476628734e-09
4410.0	4.774975504808259e-09
4411.23876953125	4.560848349427858e-09
4420.0	1.2475690732566484e-08
4421.2412109375	1.3599838994179439e-08
4430.0	1.419140100643731e-08
4431.244140625	1.4274757455758919e-08
4440.0	4.683987485518626e-09
4441.24658203125	3.31630544738768e-09
4450.0	2.1392596986939446e-08
4451.2490234375	2.397608397044329e-08
4460.0	8.858274577240429e-09
4461.251953125	6.692653411253796e-09
4470.0	1.4027591534036618e-08
4471.25439453125	1.5080339270584677e-08
4480.0	9.916489535637852e-09
4481.25732421875	9.172902227631268e-09
4490.0	2.53419504773231e-09
4491.259765625	1.5760495052374194e-09
4500.0	1.4467973661956143e-08
4501.26220703125	1.633063480235949e-08
4510.0	8.057621993716913e-09
4511.26513671875	6.8598090714716626e-09
4520.0	2.2305367495267557e-09
4521.267578125	1.5576150734656397e-09
4530.0	9.053626357312381e-09
4531.2705078125	1.0144880607959776e-08
4540.0	1.0882893165008994e-08
4541.27294921875	1.0990573884173913e-08
4550.0	4.323165484114078e-09
4551.275390625	3.34820678488349e-09
4560.0	4.68587657856188e-09
4561.2783203125	4.882514825887008e-09
4570.0	1.9995011086359433e-09
4571.28076171875	1.5753573308853187e-09
4580.0	1.2736692474134886e-08
4581.28369140625	1.4380870868244397e-08
4590.0	5.348190706218032e-09
4591.2861328125	4.014607009285736e-09
4600.0	7.3332909787821335e-09
4601.28857421875	7.824327717704317e-09
4610.0	1.3554639967039274e-08
4611.29150390625	1.4406251827836513e-08
4620.0	4.922253316558318e-09
4621.2939453125	3.510680658239021e-09
4630.0	4.820949377079432e-10
4631.296875	3.069132771615398e-11
4640.0	1.1577086989552063e-08
4641.29931640625	1.3301485581452532e-08
4650.0	1.1245056010365675e-08
4651.3017578125	1.0937276711225135e-08
4660.0	5.591250454461735e-09
4661.3046875	4.7890964802082745e-09
4670.0	4.156558578308757e-09
4671.30712890625	4.0618890236760875e-09
4680.0	2.6889004500871826e-09
4681.31005859375	2.4814591227779976e-09
4690.0	3.524526833383603e-10
4691.3125	3.078200261034482e-11
4700.0	1.6080771872895636e-09
4701.3154296875	1.8469879465671058e-09
4710.0	2.701663407472583e-10
4711.31787109375	3.080330702033136e-11
4720.0	3.0812535679518266e-11
4721.3203125	3.0813952047327244e-11
4730.0	2.7444362741608085e-09
4731.3232421875	3.1582794827606356e-09
4740.0	6.68608017376752e-09
4741.32568359375	7.2260800239313595e-09
4750.0	5.132479513568715e-09
4751.32861328125	4.8108814447897865e-09
4760.0	6.671636483426924e-10
4761.3310546875	3.088314203171841e-11
4770.0	6.6967073976424556e-09
4771.333984375	7.722806633690666e-09
4780.0	2.8268355176192667e-09
4781.33642578125	2.0715428542661904e-09
4790.0	3.5395367576053915e-10
4791.3388671875	8.842543867689849e-11
4800.0	8.151648053846557e-09
4801.341796875	9.401247742955313e-09
4810.0	7.668450972860359e-09
4811.34423828125	7.4001767266590304e-09
4820.0	3.231717749345702e-09
4821.34716796875	2.5818749934673467e-09
4830.0	1.5814346231033752e-09
4831.349609375	1.4253170132689966e-09
4840.0	2.1956361738578277e-10
4841.3525390625	3.099165617910878e-11
4850.0	2.320531690347958e-09
4851.35498046875	2.6793674959597067e-09
4860.0	6.290641828619666e-10
4861.357421875	3.0705356650244325e-10
4870.0	6.856152679020698e-11
4871.3603515625	3.101376883110509e-11
4880.0	2.0035346407151096e-09
4881.36279296875	2.314749612829049e-09
4890.0	3.428953676823865e-10
4891.36572265625	3.1032250902412846e-11
4900.0	3.106149406645042e-11
4901.3681640625	3.106252776192642e-11
4910.0	3.765166529277236e-09
4911.37109375	4.358439574875546e-09
4920.0	6.254338889768452e-10
4921.37353515625	3.1077542139515184e-11
4930.0	6.907144236316993e-09
4931.3759765625	8.00419274913435e-09
4940.0	1.0905724240855673e-08
4941.37890625	1.1369771149224408e-08
4950.0	1.597319192539271e-09
4951.38134765625	3.110056939372135e-11
4960.0	3.2493559959943266e-09
4961.38427734375	3.76638037496564e-09
4970.0	5.490753109149638e-10
4971.38671875	3.1115951625284586e-11
4980.0	3.112253702715708e-11
4981.3896484375	3.112361274705742e-11
4990.0	8.211455597993931e-10
4991.39208984375	9.490175384972729e-10
5000.0	1.592945558989028e-10
5001.39501953125	3.116444892067689e-11
5010.0	3.1164079655737506e-11
5011.3974609375	3.1164033392504975e-11
5020.0	7.82665545139429e-10
5021.39990234375	9.049572457436289e-10
5030.0	2.215809348186462e-10
5031.40283203125	1.1010737379028477e-10
5040.0	4.22450679919439e-11
5041.4052734375	3.115507651298523e-11
5050.0	5.372483303662692e-09
5051.408203125	6.247426586819471e-09
5060.0	2.1121759800576954e-09
5061.41064453125	1.4333903377448168e-09
5070.0	6.285331087211229e-09
5071.41357421875	7.0836426536559805e-09
5080.0	2.591911546472559e-09
5081.416015625	1.8513385481031898e-09
5090.0	7.049452893808151e-09
5091.4189453125	7.908511633285958e-09
5100.0	4.799383424898452e-09
5101.42138671875	4.284499223383719e-09
5110.0	6.366262551623182e-10
5111.42431640625	3.1104377406440016e-11
5120.0	4.389299834823791e-09
5121.4267578125	5.114213382389302e-09
5130.0	5.472482600447202e-09
5131.42919921875	5.532863279073822e-09
5140.0	8.192165597701286e-10
5141.43212890625	3.11089007939787e-11
5150.0	6.4454547135555804e-09
5151.4345703125	7.519201884340564e-09
5160.0	2.230476340078573e-09
5161.4375	1.343094598386149e-09
5170.0	2.1992578642300212e-10
5171.43994140625	3.1087510962283644e-11
5180.0	2.808915430201813e-09
5181.44287109375	3.277032134651836e-09
5190.0	6.120705836931913e-09
5191.4453125	6.600895411877332e-09
5200.0	8.002782268287155e-09
5201.4482421875	8.240055418485228e-09
5210.0	6.8431946349051595e-09
5211.45068359375	6.606289369989477e-09
5220.0	9.863633882069685e-10
5221.45361328125	3.1051089508232875e-11
5230.0	3.1044733021999006e-11
5231.4560546875	3.104390424442845e-11
5240.0	2.2519127366720945e-09
5241.45849609375	2.630957073976478e-09
5250.0	4.432840667415876e-09
5251.46142578125	4.741081027214848e-09
5260.0	2.6965923796934083e-09
5261.4638671875	2.3461466889832608e-09
5270.0	5.21998522942534e-09
5271.466796875	5.713716848656402e-09
5280.0	4.738430506686728e-09
5281.46923828125	4.570535437595905e-09
5290.0	4.831833020924395e-09
5291.47216796875	4.876916008341952e-09
5300.0	6.501069317458246e-09
5301.474609375	6.781857472502102e-09
5310.0	3.538653567002329e-09
5311.4775390625	2.9766787109854297e-09
5320.0	3.210582968292101e-09
5321.47998046875	3.251194796281745e-09
5330.0	8.157527423234747e-09
5331.48291015625	9.011305915641385e-09
5340.0	4.630396676309547e-09
5341.4853515625	3.866529979551645e-09
5350.0	5.764546168548706e-09
5351.48779296875	6.096120221816268e-09
5360.0	8.427444522439277e-09
5361.49072265625	8.83563149011134e-09
5370.0	1.305997537595233e-08
5371.4931640625	1.3801077901265653e-08
5380.0	2.0901134805448305e-09
5381.49609375	3.095395821087157e-11
5390.0	6.7226135647637645e-09
5391.49853515625	7.901547740124952e-09
5400.0	4.857926097306102e-09
5401.50146484375	4.320496203546422e-09
5410.0	4.255235653869065e-09
5411.50390625	4.243686631002228e-09
5420.0	3.493624188456019e-09
5421.5068359375	3.360623163129046e-09
5430.0	1.6616920095477974e-08
5431.50927734375	1.897205882622035e-08
5440.0	1.3393354205885598e-08
5441.51220703125	1.2400012994306176e-08
5450.0	4.4120383050761815e-09
5451.5146484375	2.986926014678514e-09
5460.0	5.684618418359603e-09
5461.517578125	6.166965982243239e-09
5470.0	7.4450754952176825e-09
5471.52001953125	7.674042306728474e-09
5480.0	6.21617748458099e-09
5481.5224609375	5.9545040756060725e-09
5490.0	1.2846068453803316e-08
5491.525390625	1.4085750982795664e-08
5500.0	1.0750761045958017e-08
5501.52783203125	1.0149750012039225e-08
5510.0	4.467546421176309e-09
5511.53076171875	3.441106394168365e-09
5520.0	7.623008946037499e-09
5521.533203125	8.379889914443372e-09
5530.0	1.7148529617364396e-08
5531.5361328125	1.873903858415615e-08
5540.0	8.785951163426819e-09
5541.53857421875	6.9770869969225984e-09
5550.0	1.2183713974329082e-08
5551.54150390625	1.3132015266382451e-08
5560.0	5.2899276229904336e-09
5561.5439453125	3.858852457955024e-09
5570.0	4.361016155628879e-09
5571.546875	4.452269045044801e-09
5580.0	9.699343012615955e-09
5581.54931640625	1.0661373571138792e-08
5590.0	8.844088075048985e-09
5591.55224609375	8.510371105955896e-09
5600.0	1.348463874659068e-09
5601.5546875	3.076289598369856e-11
5610.0	3.075597351463512e-11
5611.5576171875	3.075468259277151e-11
5620.0	4.369210086136643e-09
5621.56005859375	5.170685970854325e-09
5630.0	5.940662689693749e-09
5631.56298828125	6.08296055119886e-09
5640.0	9.349657867711608e-09
5641.5654296875	9.955443210025448e-09
5650.0	9.261778853123244e-09
5651.56787109375	9.132905936943216e-09
5660.0	7.0591730675301784e-09
5661.57080078125	6.6730688681482e-09
5670.0	9.735899699471428e-09
5671.57373046875	1.0307406828010658e-08
5680.0	3.747796471676273e-09
5681.576171875	2.521467988797797e-09
5690.0	7.948669091661539e-09
5691.57861328125	8.96514925471264e-09
5700.0	1.4172047491362825e-08
5701.58154296875	1.5149367417955295e-08
5710.0	2.4236853247532546e-09
5711.583984375	3.060141510751593e-11
5720.0	3.3360233740654853e-09
5721.5869140625	3.958409181485148e-09
5730.0	6.539252678353651e-10
5731.58935546875	3.05413764055897e-11
5740.0	3.5861029933104775e-09
5741.59228515625	4.258856619968651e-09
5750.0	6.943111470638175e-09
5751.5947265625	7.451959444502758e-09
5760.0	1.2152794980362935e-09
5761.59765625	3.0489972452973176e-11
5770.0	5.735980278814591e-09
5771.60009765625	6.8218936275356595e-09
5780.0	8.211327987542731e-09
5781.60302734375	8.476334889550355e-09
5790.0	3.915509009505591e-09
5791.60546875	3.0439865520671757e-09
5800.0	5.147513108191672e-10
5801.6083984375	3.042148400862459e-11
5810.0	3.040715799031867e-11
5811.61083984375	3.040440815644312e-11
5820.0	1.891079692870719e-09
5821.61376953125	2.248497481791465e-09
5830.0	3.1385663855963048e-09
5831.6162109375	3.310395320769393e-09
5840.0	4.7508652126967764e-09
5841.619140625	5.028944509672535e-09
5850.0	3.5973035772655893e-09
5851.62158203125	3.3204167849475634e-09
5860.0	4.108942273627987e-09
5861.62451171875	4.2617703133852505e-09
5870.0	7.183358963205243e-10
5871.626953125	3.029590563966956e-11
5880.0	7.471118754801031e-09
5881.6298828125	8.918953057628246e-09
5890.0	7.330688023161564e-09
5891.63232421875	7.021072125699515e-09
5900.0	6.444251997170063e-09
5901.634765625	6.330729496636524e-09
5910.0	7.850085479907811e-09
5911.6376953125	8.148301782184998e-09
5920.0	7.476130501134009e-09
5921.640625	7.344311278975274e-09
5930.0	6.142266459171547e-09
5931.64306640625	5.906094390184345e-09
5940.0	7.54588384153936e-09
5941.6455078125	7.868641322588672e-09
5950.0	1.0530029035303638e-08
5951.6484375	1.105494966116975e-08
5960.0	5.430612778186168e-09
5961.65087890625	4.319265955494317e-09
5970.0	9.072371496754012e-09
5971.65380859375	1.0012109843819429e-08
5980.0	1.6816822251924345e-09
5981.65673828125	3.01137567742704e-11
5990.0	1.3456422037741507e-08
5991.6591796875	1.6125430309228686e-08
6000.0	6.651494826485832e-09
6001.66162109375	4.765466114088444e-09
6010.0	1.1070156708599947e-08
6011.66455078125	1.2329242559439186e-08
6020.0	8.216956814192189e-09
6021.6669921875	7.394220930357476e-09
6030.0	1.1385805720897821e-08
6031.669921875	1.2184079040536074e-08
6040.0	9.437113814448147e-09
6041.67236328125	8.88720040748053e-09
6050.0	5.179652772243133e-09
6051.67529296875	4.433578181804689e-09
6060.0	1.185060638256574e-08
6061.677734375	1.3345851708660262e-08
6070.0	1.3161880938396692e-08
6071.6806640625	1.312472705236573e-08
6080.0	5.403730520138597e-09
6081.68310546875	3.84120996691581e-09
6090.0	6.854919483638156e-09
6091.68603515625	7.464984219591615e-09
6100.0	6.991287178008197e-09
6101.6884765625	6.896125723615909e-09
6110.0	4.612092599338909e-09
6111.69140625	4.147151697631654e-09
6120.0	6.4479475693362856e-09
6121.69384765625	6.917146796767636e-09
6130.0	2.9476647315134733e-09
6131.69677734375	2.1365362953636177e-09
6140.0	2.6489201553033337e-09
6141.69921875	2.753809184291676e-09
6150.0	9.295765986429716e-09
6151.7021484375	1.0636108826918606e-08
6160.0	1.2109700449522313e-08
6161.70458984375	1.2414043001303673e-08
6170.0	1.255651413349304e-08
6171.70751953125	1.2585851587276156e-08
6180.0	9.781628436849866e-09
6181.7099609375	9.203206170385808e-09
6190.0	2.1620079801673175e-08
6191.712890625	2.4186396764512886e-08
6200.0	9.468616291883059e-09
6201.71533203125	6.420389760876725e-09
6210.0	5.431010552321805e-09
6211.71826171875	5.226691452555975e-09
6220.0	8.54013697308317e-09
6221.720703125	9.22877121877086e-09
6230.0	6.587526417550589e-09
6231.7236328125	6.03756778110534e-09
6240.0	1.0443372766240479e-08
6241.72607421875	1.1360865235203133e-08
6250.0	1.1693827029166069e-08
6251.72900390625	1.1765095276109342e-08
6260.0	1.3084526367082528e-08
6261.7314453125	1.3360814019534289e-08
6270.0	5.3067516316704595e-09
6271.734375	3.6168011354225883e-09
6280.0	4.6683914823082444e-09
6281.73681640625	4.889428964440776e-09
6290.0	4.224290617495889e-09
6291.73974609375	4.0835961415034645e-09
6300.0	1.6305049416125928e-08
6301.7421875	1.8884139321861833e-08
6310.0	1.0012814702854445e-08
6311.7451171875	8.137429823238096e-09
6320.0	1.2253590136855236e-08
6321.74755859375	1.3125248375767092e-08
6330.0	5.203820477840345e-09
6331.75048828125	3.5224927427670036e-09
6340.0	1.6107552281308913e-08
6341.7529296875	1.8783078416249462e-08
6350.0	1.1552005576041557e-08
6351.755859375	1.0011978713791821e-08
6360.0	1.2855510232498234e-08
6361.75830078125	1.3462140011493193e-08
6370.0	6.451948729492346e-09
6371.76123046875	4.952701347030474e-09
6380.0	4.216585541371092e-09
6381.763671875	4.059702651382659e-09
6390.0	1.0943209117911487e-08
6391.7666015625	1.2420039846155018e-08
6400.0	1.03837302808702e-08
6401.76904296875	9.946078057823303e-09
6410.0	1.7665067957429982e-08
6411.77197265625	1.9324305292993626e-08
6420.0	1.752145741145764e-08
6421.7744140625	1.7135479266777746e-08
6430.0	7.430088144152947e-09
6431.77734375	5.332298903531381e-09
6440.0	7.57556236189754e-09
6441.77978515625	8.061136510588796e-09
6450.0	1.0356419535566475e-08
6451.78271484375	1.0852553312115343e-08
6460.0	7.368293725345209e-09
6461.78515625	6.612968696424492e-09
6470.0	1.2069826777855315e-09
6471.7880859375	3.024047730839053e-11
6480.0	8.05823343328712e-09
6481.79052734375	9.808690444628604e-09
6490.0	6.676054392614265e-09
6491.79345703125	5.990750888665594e-09
6500.0	8.33733974897535e-09
6501.7958984375	8.84920473900831e-09
6510.0	1.1745072492126012e-08
6511.798828125	1.2378961655407399e-08
6520.0	1.235840136711264e-08
6521.80126953125	1.2351955647291199e-08
6530.0	1.0901076286570656e-08
6531.80419921875	1.0584215011411699e-08
6540.0	1.9337143825134454e-09
6541.806640625	2.9984529863795627e-11
6550.0	3.752142840032987e-09
6551.8095703125	4.57284565841619e-09
6560.0	9.13898381186861e-09
6561.81201171875	1.014590047049058e-08
6570.0	1.8614812604340145e-09
6571.81494140625	2.9809514076054464e-11
6580.0	1.4513787680325476e-08
6581.8173828125	1.772432114496546e-08
6590.0	9.145498208792315e-09
6591.8203125	7.239126681304368e-09
6600.0	1.2024333260145193e-08
6601.82275390625	1.308995656316148e-08
6610.0	1.850714863504193e-08
6611.82568359375	1.971451947475508e-08
6620.0	9.148874947606626e-09
6621.828125	6.78999700811773e-09
6630.0	1.338549253473588e-08
6631.8310546875	1.4857379162341619e-08
6640.0	1.4696449194877038e-08
6641.83349609375	1.4662714091208486e-08
6650.0	1.484121879848742e-08
6651.83642578125	1.4881245365781629e-08
6660.0	1.243673547367562e-08
6661.8388671875	1.1885370447784061e-08
6670.0	9.683384234411722e-09
6671.841796875	9.189371752881433e-09
6680.0	8.973095439471806e-09
6681.84423828125	8.924299076133228e-09
6690.0	1.7725003579244946e-08
6691.84716796875	1.9710806675869153e-08
6700.0	1.3182730433625813e-08
6701.849609375	1.1708031362704168e-08
6710.0	6.716563795111628e-09
6711.8525390625	5.5844716003406375e-09
6720.0	1.1465441916145102e-08
6721.85498046875	1.2799442195961939e-08
6730.0	1.2908688298571762e-08
6731.85791015625	1.2935580639436738e-08
6740.0	1.909324024774342e-08
6741.8603515625	2.0497101410743323e-08
6750.0	3.076199589359377e-08
6751.86328125	3.3101304736384673e-08
6760.0	6.870461642660239e-08
6761.86572265625	7.685580216039971e-08
6770.0	2.0084121595951792e-07
6771.86865234375	2.2926144045247056e-07
6780.0	4.3103655240141486e-07
6781.87109375	4.7728755561174e-07
6790.0	7.324931175350786e-07
6791.8740234375	7.912750459241366e-07
6800.0	1.0396529734060595e-06
6801.87646484375	1.0968826434255335e-06
6810.0	1.2920669952367928e-06
6811.87939453125	1.3369062006669447e-06
6820.0	1.3841474525984849e-06
6821.88232421875	1.3952899901236062e-06
6830.0	1.293904450315742e-06
6831.884765625	1.2704711062743541e-06
6840.0	1.0398344323613158e-06
6841.8876953125	9.861297548077712e-07
6850.0	7.326141537894436e-07
6851.89013671875	6.738228748915748e-07
6860.0	4.4933129942619396e-07
6861.892578125	3.9697996949805007e-07
6870.0	2.538782691843324e-07
6871.8955078125	2.20552125641409e-07
6880.0	1.7841854017141565e-07
6881.8984375	1.6856827894042705e-07
6890.0	1.3854812298134537e-07
6891.90087890625	1.3149672496259202e-07
6900.0	1.3041844627464514e-07
6901.90380859375	1.3018715738762672e-07
6910.0	1.1530237963778538e-07
6911.90625	1.1180473495570079e-07
6920.0	1.1720066191414153e-07
6921.9091796875	1.1845139258918626e-07
6930.0	1.1742073183871164e-07
6931.91162109375	1.171972108610756e-07
6940.0	1.1371868101981724e-07
6941.91455078125	1.1287803849172375e-07
6950.0	1.1141316392246462e-07
6951.9169921875	1.1108523377262782e-07
6960.0	1.2914118082268387e-07
6961.919921875	1.3342150576942437e-07
6970.0	1.377932743743769e-07
6971.92236328125	1.3880823793669403e-07
6980.0	1.4543149225936314e-07
6981.92529296875	1.470301778993965e-07
6990.0	1.5162460731957972e-07
6991.927734375	1.5271923502813993e-07
7000.0	1.6771765516143263e-07
7001.9306640625	1.7123343814604837e-07
7010.0	1.874426962048604e-07
7011.93310546875	1.9134249599956967e-07
7020.0	2.0195306703526173e-07
7021.93603515625	2.0445740734625477e-07
7030.0	2.0988370234193403e-07
7031.9384765625	2.1120391640525146e-07
7040.0	2.216719906287268e-07
7041.94140625	2.24184170039067e-07
7050.0	2.2313754446712566e-07
7051.94384765625	2.2284785134607178e-07
7060.0	2.1675077508837572e-07
7061.94677734375	2.1531981806274987e-07
7070.0	2.0094404238147256e-07
7071.94921875	1.9744260491338185e-07
7080.0	1.8731541488832644e-07
7081.9521484375	1.8490140996065114e-07
7090.0	1.6283075843658644e-07
7091.95458984375	1.5746175701806036e-07
7100.0	1.411363054799368e-07
7101.95751953125	1.3720440511518677e-07
7110.0	1.2373253757099314e-07
7111.9599609375	1.2046051763060195e-07
7120.0	1.1492199052032585e-07
7121.962890625	1.1355478220604942e-07
7130.0	1.0166101405742826e-07
7131.96533203125	9.878187714529394e-08
7140.0	1.0062873415471133e-07
7141.96826171875	1.0106212180036999e-07
7150.0	9.493086867721413e-08
7151.970703125	9.344891733298673e-08
7160.0	7.774032310121751e-08
7161.9736328125	7.387949249097307e-08
7170.0	8.92459594351888e-08
7171.97607421875	9.302878260932466e-08
7180.0	9.802461582948174e-08
7181.97900390625	9.925242069726033e-08
7190.0	1.054532541317565e-07
7191.98193359375	1.0696147577720441e-07
7200.0	1.1446427875153328e-07
7201.984375	1.1633319595201479e-07
7210.0	1.1721943593339034e-07
7211.9873046875	1.1741783131517102e-07
7220.0	1.2637914918134256e-07
7221.98974609375	1.286170948850415e-07
7230.0	1.40573729462922e-07
7231.99267578125	1.435013064164343e-07
7240.0	1.539003677090836e-07
7241.9951171875	1.5650628577848706e-07
7250.0	1.390284853615768e-07
7251.998046875	1.3465889705506435e-07
7260.0	1.299729396247727e-07
7262.00048828125	1.2882933968917659e-07
7270.0	1.1329573335372005e-07
7272.00341796875	1.0942028680022628e-07
7280.0	1.0133528435681066e-07
7282.005859375	9.929729679784972e-08
7290.0	8.926403071790497e-08
7292.0087890625	8.67698646318032e-08
7300.0	6.95116005585969e-08
7302.01123046875	6.517314589849439e-08
7310.0	6.224275330505091e-08
7312.01416015625	6.151823700596632e-08
7320.0	6.953940138706279e-08
7322.0166015625	7.154431636520255e-08
7330.0	5.6579982849778236e-08
7332.01953125	5.282170272361613e-08
7340.0	6.023888082671423e-08
7342.02197265625	6.209973441322135e-08
7350.0	6.006461656212447e-08
7352.02490234375	5.956099286241445e-08
7360.0	4.590331801629621e-08
7362.02734375	4.243718066741886e-08
7370.0	4.954561876361694e-08
7372.0302734375	5.135629418197318e-08
7380.0	6.447237960887457e-08
7382.03271484375	6.779251011307044e-08
7390.0	6.356449807807922e-08
7392.03564453125	6.250046854564739e-08
7400.0	7.534116578274208e-08
7402.0380859375	7.860014362090372e-08
7410.0	7.210385527347188e-08
7412.041015625	7.045901993085883e-08
7420.0	8.89221072069576e-08
7422.04345703125	9.362704642621898e-08
7430.0	9.241897150910071e-08
7432.04638671875	9.213601748111407e-08
7440.0	1.0151257299805173e-07
7442.04931640625	1.0390144397599533e-07
7450.0	1.0475654465488971e-07
7452.0517578125	1.0499513203964753e-07
7460.0	1.0123154491468371e-07
7462.0546875	1.0024345099915478e-07
7470.0	8.382513368482772e-08
7472.05712890625	7.960663926305302e-08
7480.0	8.381203870928346e-08
7482.06005859375	8.488357820403656e-08
7490.0	7.027520343268614e-08
7492.0625	6.650893715780993e-08
7500.0	6.839771428970026e-08
7502.0654296875	6.887011782881768e-08
7510.0	5.8883876630024324e-08
7512.06787109375	5.630359323966641e-08
7520.0	6.372445651544578e-08
7522.07080078125	6.564259967649062e-08
7530.0	6.064933247375871e-08
7532.0732421875	5.936052990999664e-08
7540.0	6.08776947624268e-08
7542.076171875	6.126220609792471e-08
7550.0	7.184937896395353e-08
7552.07861328125	7.462752557543274e-08
7560.0	7.632294188341198e-08
7562.08154296875	7.675239642202816e-08
7570.0	7.425450125219359e-08
7572.083984375	7.361358221287184e-08
7580.0	7.981025394469303e-08
7582.0869140625	8.14225161033145e-08
7590.0	8.918751765314386e-08
7592.08984375	9.124552415258693e-08
7600.0	1.019624159475228e-07
7602.09228515625	1.0476676228557215e-07
7610.0	1.1402249144654268e-07
7612.09521484375	1.1646317544058635e-07
7620.0	1.256872964378261e-07
7622.09765625	1.281473277275787e-07
7630.0	1.2778937044194976e-07
7632.1005859375	1.2764045961050415e-07
7640.0	1.3092920207507087e-07
7642.10302734375	1.318238521627976e-07
7650.0	1.3023155693346554e-07
7652.10595703125	1.2978416381258772e-07
7660.0	1.2741309993253734e-07
7662.1083984375	1.268068101100432e-07
7670.0	1.1866459545006923e-07
7672.111328125	1.1647446825678634e-07
7680.0	1.146290699962135e-07
7682.11376953125	1.1415853889445648e-07
7690.0	1.0612687579394885e-07
7692.11669921875	1.0396165967538047e-07
7700.0	9.594774913700612e-08
7702.119140625	9.380557257515166e-08
7710.0	8.975166768265766e-08
7712.1220703125	8.868289475066971e-08
7720.0	9.164639194761642e-08
7722.12451171875	9.242369576279148e-08
7730.0	8.639524754897835e-08
7732.12744140625	8.479205675417967e-08
7740.0	9.037126009723462e-08
7742.1298828125	9.185531345219393e-08
7750.0	7.597659148619926e-08
7752.1328125	7.171203842294799e-08
7760.0	9.112354720354234e-08
7762.13525390625	9.634703639879674e-08
7770.0	9.218163552401394e-08
7772.13818359375	9.105540801787758e-08
7780.0	9.798271536489437e-08
7782.140625	9.98765544408456e-08
7790.0	8.902322106478012e-08
7792.1435546875	8.606097620333575e-08
7800.0	8.480058755656992e-08
7802.14599609375	8.447426387305751e-08
7810.0	1.0390245234754528e-07
7812.14892578125	1.0916991099109399e-07
7820.0	1.161120209242953e-07
7822.1513671875	1.1802539638556549e-07
7830.0	1.22733950834471e-07
7832.154296875	1.2402059569877292e-07
7840.0	1.2128627312417493e-07
7842.1572265625	1.2053776171995283e-07
7850.0	1.2121031056583728e-07
7852.15966796875	1.2141781806124332e-07
7860.0	1.1007254338018266e-07
7862.16259765625	1.0693488217684715e-07
7870.0	1.0736685249066145e-07
7872.1650390625	1.0750621965475887e-07
7880.0	9.507999653878977e-08
7882.16796875	9.163761640828317e-08
7890.0	9.2676134485375e-08
7892.17041015625	9.296211679530689e-08
7900.0	8.074755673667373e-08
7902.17333984375	7.738912396673935e-08
7910.0	7.314754338608574e-08
7912.17578125	7.195892438032567e-08
7920.0	7.064368508281047e-08
7922.1787109375	7.029291480192307e-08
7930.0	6.405690314162568e-08
7932.18115234375	6.231263655015806e-08
7940.0	5.825575854398108e-08
7942.18408203125	5.7128159008139723e-08
7950.0	5.8946006979356625e-08
7952.1865234375	5.946360108488675e-08
7960.0	5.725936774939967e-08
7962.189453125	5.663287276100038e-08
7970.0	6.901772436804276e-08
7972.19189453125	7.247546897881311e-08
7980.0	6.662995034018905e-08
7982.19482421875	6.500910032334586e-08
7990.0	8.629199749565073e-08
7992.19775390625	9.224466735461879e-08
8000.0	1.065191478785658e-07
8002.2001953125	1.1052436550874176e-07
8010.0	1.299206883684013e-07
8012.203125	1.353484818685696e-07
8020.0	1.3916937379731698e-07
8022.20556640625	1.402453091658133e-07
8030.0	1.488866827933746e-07
8032.20849609375	1.5135559331087465e-07
8040.0	1.5377901939707013e-07
8042.2109375	1.5443218806137567e-07
8050.0	1.5111288821833884e-07
8052.2138671875	1.5017394311662432e-07
8060.0	1.517924208219791e-07
8062.21630859375	1.5228056092839597e-07
8070.0	1.4435399186561411e-07
8072.21923828125	1.4207513666185195e-07
8080.0	1.5680036238957075e-07
8082.2216796875	1.6098058195270324e-07
8090.0	1.6491990360524002e-07
8092.224609375	1.660730598215823e-07
8100.0	1.7279381811953168e-07
8102.2275390625	1.7467375486466907e-07
8110.0	1.9046279556937547e-07
8112.22998046875	1.9496602501832448e-07
8120.0	2.121733022552581e-07
8122.23291015625	2.1713350824710117e-07
8130.0	2.2051191637078486e-07
8132.2353515625	2.2143309574138083e-07
8140.0	2.125764590914066e-07
8142.23828125	2.1003662732165564e-07
8150.0	2.0075602072076185e-07
8152.24072265625	1.981318322672279e-07
8160.0	1.7085516746180964e-07
8162.24365234375	1.6297160937675453e-07
8170.0	1.5293718502592514e-07
8172.24609375	1.5004718206538003e-07
8180.0	1.3019796801313285e-07
8182.2490234375	1.2449908364662966e-07
8190.0	1.0190423629963582e-07
8192.251953125	9.535144118140325e-08
8200.0	6.239243113138195e-08
8202.25390625	5.2861878218605646e-08
8210.0	4.375550380215641e-08
8212.2568359375	4.112582811575014e-08
8220.0	4.087207838718018e-08
8222.259765625	4.078966911948045e-08
8230.0	2.5725414000666277e-08
8232.2626953125	2.1349734549249826e-08
8240.0	2.3061985348597518e-08
8242.2646484375	2.3565351680622117e-08
8250.0	1.4581372324104423e-08
8252.267578125	1.1956517191139492e-08
8260.0	1.6867548505351388e-08
8262.2705078125	1.830193219698011e-08
8270.0	1.9306954068513627e-08
8272.2734375	1.9605019592692854e-08
8280.0	1.5861797541346246e-08
8282.2763671875	1.4760614917235954e-08
8290.0	1.4626000189536264e-08
8292.2783203125	1.4586409622897763e-08
8300.0	1.4983305426800093e-08
8302.28125	1.509985158036058e-08
8310.0	1.0287644801330897e-08
8312.2841796875	8.873042510612421e-09
8320.0	6.662011688997335e-09
8322.287109375	6.00823451588436e-09
8330.0	3.38212070007523e-09
8332.2890625	2.6069302670445875e-09
8340.0	9.095371092276872e-09
8342.2919921875	1.1015792917694619e-08
8350.0	8.164444647954615e-09
8352.294921875	7.317755373823036e-09
8360.0	1.1344456983741149e-08
8362.2978515625	1.2538661713463061e-08
8370.0	4.1950518119090356e-09
8372.2998046875	1.7174135224403358e-09
8380.0	4.04592329738319e-10
8382.302734375	1.4169649269092442e-11
8390.0	1.4119121546230497e-11
8392.3056640625	1.410094618961903e-11
8400.0	3.997344570682845e-09
8402.30859375	5.1866209559974055e-09
8410.0	4.278304804784549e-09
8412.310546875	4.007617313139739e-09
8420.0	1.8621954516495481e-09
8422.3134765625	1.2190252680949523e-09
8430.0	2.918587535434062e-10
8432.31640625	1.3833984079782205e-11
8440.0	1.3790827795747348e-11
8442.3193359375	1.3777782859428867e-11
8450.0	4.021869156290076e-09
8452.322265625	5.229886752091224e-09
8460.0	1.2228457563028295e-09
8462.32421875	1.367776985386491e-11
8470.0	7.467017791675796e-09
8472.3271484375	9.717328832933598e-09
8480.0	2.2667275862643563e-09
8482.330078125	1.3564337610442578e-11
8490.0	4.217070517095857e-09
8492.3330078125	5.491539134151958e-09
8500.0	1.2891396688358681e-09
8502.3349609375	1.3459862100024895e-11
8510.0	1.3403707577100768e-11
8512.337890625	1.3386632565042769e-11
8520.0	1.3330593023738965e-11
8522.3408203125	1.3313478442414659e-11
8530.0	1.325740032516303e-11
8532.34375	1.324315128409634e-11
8540.0	1.319648122141136e-11
8542.3466796875	1.3179233162394243e-11
8550.0	1.9171288958091434e-07
8552.3486328125	2.502108589372566e-07
8560.0	5.857799602112888e-08
8562.3515625	1.3031755952884133e-11
8570.0	1.2975142268986313e-11
8572.3544921875	1.2960579585371291e-11
8580.0	1.5661682739900034e-07
8582.357421875	2.0462601388083537e-07
8590.0	4.806629437735457e-08
8592.359375	1.2821120954125709e-11
8600.0	2.932242418488808e-07
8602.3623046875	3.833471541138623e-07
8610.0	9.024698078800803e-08
8612.365234375	1.2674288832760624e-11
8620.0	1.26260827598419e-11
8622.3681640625	1.2608261043575435e-11
8630.0	1.9929233731160665e-07
8632.3701171875	2.6093256691575023e-07
8640.0	6.321805654451866e-07
8642.373046875	7.471757837174577e-07
8650.0	3.5136528954819296e-07
8652.3759765625	2.285612370676759e-07
8660.0	5.4194691953544496e-08
8662.37890625	1.2388661708535554e-11
8670.0	5.063494675937595e-07
8672.3818359375	6.639271436562229e-07
8680.0	1.5773232480802706e-07
8682.3837890625	1.2293058237143229e-11
8690.0	1.2252705976270718e-11
8692.38671875	1.223999977209651e-11
8700.0	4.879020014836411e-07
8702.3896484375	6.403651831180191e-07
8710.0	1.01405644255775e-06
8712.392578125	1.131266721991359e-06
8720.0	2.701121480733488e-07
8722.39453125	1.2089292548414485e-11
8730.0	1.204740817237101e-11
8732.3974609375	1.203414296512178e-11
8740.0	3.341776017506681e-07
8742.400390625	4.391940214384319e-07
8750.0	8.471942255977342e-07
8752.4033203125	9.756071799189788e-07
8760.0	4.6406869833296006e-07
8762.4052734375	3.029395115783968e-07
8770.0	1.5488152632744422e-07
8772.408203125	1.0808917305093434e-07
8780.0	2.5966471416835872e-08
8782.4111328125	1.1761907936081728e-11
8790.0	1.266420182871772e-07
8792.4140625	1.6672269576294715e-07
8800.0	8.62562032902421e-07
8802.416015625	1.0827123846250606e-06
8810.0	1.2934591581898572e-06
8812.4189453125	1.3605470475977463e-06
8820.0	8.607228152874362e-07
8822.421875	7.017522551845913e-07
8830.0	9.313124875988331e-07
8832.4248046875	1.0046720361125955e-06
8840.0	1.333353713681365e-06
8842.427734375	1.4381506407415718e-06
8850.0	2.3237437062473207e-06
8852.4296875	2.606436314204851e-06
8860.0	2.3791441796091087e-06
8862.4326171875	2.306451290047073e-06
8870.0	2.646843564000135e-06
8872.435546875	2.7564412166750594e-06
8880.0	3.2869679994744203e-06
8882.4384765625	3.4563949611310113e-06
8890.0	4.043762424179819e-06
8892.4404296875	4.232258559867233e-06
8900.0	4.9557932329428985e-06
8902.443359375	5.188306493573145e-06
8910.0	5.723015131376279e-06
8912.4462890625	5.8950753410142385e-06
8920.0	6.53741823585922e-06
8922.44921875	6.744426992829206e-06
8930.0	7.857961539533446e-06
8932.4521484375	8.217406325438725e-06
8940.0	9.93689848164339e-06
8942.4541015625	1.0495084690719934e-05
8950.0	1.3215900856159253e-05
8952.45703125	1.4093923737290104e-05
8960.0	1.824622064689561e-05
8962.4599609375	1.9592038609785075e-05
8970.0	3.738533692899533e-05
8980.0	6.07282572001432e-05
8990.0	8.377682609311134e-05
9000.0	0.00010652700630670556
9010.0	0.00012881315216506224
9020.0	0.00015088861838588518
9030.0	0.00017247759861664894
9040.0	0.00019382591283018057
9050.0	0.00021483717004179448
9060.0	0.0002355083858505636
9070.0	0.00025583755350908435
9080.0	0.0002758223015398255
9090.0	0.0002957503745204831
9100.0	0.0003150571881037825
9110.0	0.0003340102517392714
9120.0	0.0003526082724322226
9130.0	0.0003708470205494021
9140.0	0.0003887242701757189
9142.5087890625	0.0003931526609228606
9144.5087890625	0.00021220585523353404
9146.509765625	0.0008811271775738074
9148.509765625	0.000387368954363162
9150.0	0.0007879860480198755
9150.5107421875	0.0009250564655951096
9152.5107421875	0.00031265223461391425
9154.51171875	0.0007407489468742844
9156.5126953125	0.0007743185536814511
9158.5126953125	0.0010320513692775584
9160.0	0.0006556476804404027
9160.513671875	0.0005258703515315531
9162.513671875	0.0008097902752215496
9164.5146484375	0.0012083349935144612
9166.5146484375	0.001679783339969897
9168.515625	0.0019000719056586964
9170.0	0.00131389972467878
9170.515625	0.001110633610836024
9172.5166015625	0.0016946779259301348
9174.517578125	0.00228332074440351
9176.517578125	0.0024029155535659954
9178.5185546875	0.0027988864425829017
9180.0	0.0028271650275306028
9180.5185546875	0.0028371904422577333
9182.51953125	0.004636313915121355
9184.51953125	0.004812076563587442
9186.5205078125	0.006159397294913176
9188.521484375	0.006660333257436908
9190.0	0.008604120612275126
9190.521484375	0.009288140505251037
9192.5224609375	0.011440272470368619
9194.5224609375	0.01417295450418413
9196.5234375	0.01789693448561728
9198.5234375	0.022592552473913497
9200.0	0.026709102545595817
9200.5244140625	0.028167517379286376
9202.5244140625	0.0347635730431459
9204.525390625	0.042551854938351154
9206.5263671875	0.049639240768944
9208.5263671875	0.057649439880724636
9210.0	0.06168828175658852
9210.52734375	0.06313070849206828
9212.52734375	0.06979516214872701
9214.5283203125	0.07366791950442535
9216.5283203125	0.07656563153511299
9218.529296875	0.07827017549626496
9220.0	0.07869091713208712
9220.529296875	0.07884197397188412
9222.5302734375	0.07861955148953277
9224.5302734375	0.07830842194780961
9226.53125	0.07791988850797303
9228.5322265625	0.07729330694086553
9230.0	0.0772005308011315
9230.5322265625	0.07716866530029284
9232.533203125	0.07702107992021956
9234.533203125	0.07764179600740885
9236.5341796875	0.07762955075007832
9238.5341796875	0.07817821619445971
9240.0	0.07853760456608601
9240.53515625	0.07866848332563474
9242.53515625	0.07897787885721975
9244.5361328125	0.07942959838878157
9246.537109375	0.07954117609841137
9248.537109375	0.07941433679380502
9250.0	0.07911822456496397
9250.5380859375	0.07900944580725576
9252.5380859375	0.07890588326393681
9254.5390625	0.07819100535788373
9256.5390625	0.07779146517121523
9258.5400390625	0.07683155019594723
9260.0	0.07631352050291658
9260.5400390625	0.07612220490119731
9262.541015625	0.07519435979075711
9264.5419921875	0.07485004389414739
9266.5419921875	0.07488020240643843
9268.54296875	0.07465830531723774
9270.0	0.07461811889420107
9270.54296875	0.07460308819465743
9272.5439453125	0.07470337314750336
9274.5439453125	0.07446224968170079
9276.544921875	0.07461487305432084
9278.544921875	0.07427847157789422
9280.0	0.07302506874479152
9280.5458984375	0.07255572501997017
9282.546875	0.06972033430871326
9284.546875	0.06609170764797075
9286.5478515625	0.06122690102364936
9288.5478515625	0.05538718248645763
9290.0	0.05016314353507026
9290.548828125	0.04819287882388327
9292.548828125	0.041340816271755065
9294.5498046875	0.0342201148745721
9296.5498046875	0.028612521470716766
9298.55078125	0.022394475352856956
9300.0	0.01957570541823605
9300.5517578125	0.018505829804046175
9302.5517578125	0.013901777261055329
9304.552734375	0.011570115469468551
9306.552734375	0.009483883872007505
9308.5537109375	0.007179442334914088
9310.0	0.006277981495095858
9310.5537109375	0.005933205717921487
9312.5546875	0.004824057621184683
9314.5546875	0.00393033616108268
9316.5556640625	0.003251434841480555
9318.556640625	0.002681241579319129
9320.0	0.0024889592243953432
9320.556640625	0.00241496525286996
9322.5576171875	0.001777759801394965
9324.5576171875	0.0016405201345810365
9326.55859375	0.0017911477908888376
9328.55859375	0.0010839256852373381
9330.0	0.0010414149289826539
9330.5595703125	0.001024947475165307
9332.5595703125	0.001171852339644346
9334.560546875	0.0011506600033277493
9336.5615234375	0.0006795698973536063
9338.5615234375	0.0007144282419415783
9340.0	0.0006917624395796434
9340.5625	0.0006829184508137492
9342.5625	0.0004461905502366383
9344.5634765625	0.00034279387639179164
9350.0	0.0003309675576504122
9360.0	0.0003095193643617076
9370.0	0.0002884697082824606
9380.0	0.00026782076863287143
9390.0	0.0002475769200279961
9400.0	0.00022774172613973463
9410.0	0.00020810013894385958
9420.0	0.00018891390496826534
9430.0	0.00017018552253628044
9440.0	0.00015201711614085172
9450.0	0.00013428733520590033
9460.0	0.00011699914791059252
9470.0	0.00010015579563342395
9480.0	8.376061008184523e-05
9490.0	6.781657354077907e-05
9500.0	5.232704345831782e-05
9510.0	3.753193487451329e-05
9520.0	2.3018180371597346e-05
9530.0	8.788053315246618e-06
9532.6142578125	5.11495603907179e-06
9540.0	3.951587536405197e-06
9542.6171875	3.5434438395273853e-06
9550.0	2.8791653845206543e-06
9552.619140625	2.6458634193859602e-06
9560.0	2.1755819879282015e-06
9562.6220703125	2.0102060401754914e-06
9570.0	1.63067295108549e-06
9572.625	1.4970320069605772e-06
9580.0	1.2848626173516506e-06
9582.6279296875	1.21003832537868e-06
9590.0	1.1776097291986809e-06
9592.630859375	1.1661169657483523e-06
9600.0	9.47247464212371e-07
9602.6328125	8.700489475475142e-07
9610.0	7.613798851905531e-07
9612.6357421875	7.224975583204868e-07
9620.0	5.784800410571493e-07
9622.638671875	5.276683231484562e-07
9630.0	4.618971911407836e-07
9632.6416015625	4.385592969243174e-07
9640.0	4.505403611455361e-07
9642.6435546875	4.5476823206195255e-07
9650.0	3.892525860011869e-07
9652.646484375	3.659633258911386e-07
9660.0	2.692180486988656e-07
9662.6494140625	2.3479783920677073e-07
9670.0	2.594615683942916e-07
9672.65234375	2.682298871219419e-07
9680.0	1.5351605329830824e-07
9682.6552734375	1.1260719398100338e-07
9690.0	1.4828194660832053e-07
9692.6572265625	1.610042480912026e-07
9700.0	1.3873818775200615e-07
9702.66015625	1.3077503051210549e-07
9710.0	1.1506234184680038e-07
9712.6630859375	1.0943464897045496e-07
9720.0	8.236824393506367e-08
9722.666015625	7.266911172788185e-08
9730.0	1.248786452250459e-07
9732.66796875	1.4358523018662178e-07
9740.0	1.217617299137287e-07
9742.6708984375	1.1392196382120588e-07
9750.0	5.4278946039648846e-08
9752.673828125	3.284654934343701e-08
9760.0	1.5948474712180998e-08
9762.6767578125	9.868888555615358e-09
9770.0	4.520059740530704e-08
9772.6796875	5.792134128705254e-08
9780.0	4.947697119706826e-08
9782.681640625	4.6429407773275666e-08
9790.0	8.952390712279862e-08
9792.6845703125	1.0506492308072239e-07
9800.0	4.472978991148711e-08
9802.6875	2.292843880181761e-08
9810.0	5.631910132156522e-08
9812.6904296875	6.838179161192296e-08
9820.0	7.762234060706786e-08
9822.6923828125	8.09570857230238e-08
9830.0	4.369355950174812e-08
9832.6953125	3.0201384141822654e-08
9840.0	3.750044454213557e-08
9842.6982421875	4.0143107863335084e-08
9850.0	3.7022664404681524e-08
9852.701171875	3.5886059981941596e-08
9860.0	4.62624306615833e-08
9862.703125	5.002624400575133e-08
9870.0	4.6407340476036364e-08
9872.7060546875	4.508626109613591e-08
9880.0	3.6846773496333854e-08
9882.708984375	3.384373821348589e-08
9890.0	4.1543355392198205e-08
9892.7119140625	4.43429420077195e-08
9900.0	4.276854856357327e-08
9902.71484375	4.2176549369575106e-08
9910.0	2.291865020283937e-08
9912.716796875	1.590094953637532e-08
9920.0	7.692729919118715e-09
9922.7197265625	4.694363786711623e-09
9930.0	5.934690999971823e-08
9932.72265625	7.931222700953258e-08
9940.0	3.7431333230808395e-08
9942.7255859375	2.210526349284291e-08
9950.0	4.004989972821821e-08
9952.7275390625	4.66104317112055e-08
9960.0	3.1180282719581874e-08
9962.73046875	2.5523795449160646e-08
9970.0	3.4809269313581656e-08
9972.7333984375	3.820592738422542e-08
9980.0	2.1675053655331333e-08
9982.736328125	1.5607516867087803e-08
9990.0	3.000394658186495e-08
9992.7392578125	3.5281617352235916e-08
10000.0	3.159576429145629e-08
10002.7412109375	3.0269540641702815e-08
10010.0	1.034595216227233e-08
10012.744140625	2.9945153990539034e-09
10020.0	1.2280692321173111e-08
10022.7470703125	1.5707066129292212e-08
10030.0	4.240332723347959e-09
10032.75	2.4896092331694606e-12
10040.0	2.0851771962464447e-08
10042.751953125	2.855503019753482e-08
10050.0	1.0158003199380146e-08
10052.7548828125	3.351005605554282e-09
10060.0	1.3981480701977244e-08
10062.7578125	1.791337389084399e-08
10070.0	1.7810190041602754e-08
10072.759765625	1.776792092344823e-08
10080.0	1.4391078548083127e-08
10082.7626953125	1.3136660275236062e-08
10090.0	3.554642553906999e-09
10092.765625	2.0978275090766076e-12
10100.0	2.050853839418265e-12
10102.7685546875	2.0328746369817845e-12
10110.0	1.296162269992828e-08
10112.771484375	1.7766023984593453e-08
10120.0	1.0749426012838524e-08
10122.7744140625	8.139386698234322e-09
10130.0	6.213547012975879e-09
10132.77734375	5.4988797767811336e-09
10140.0	1.499132927544971e-08
10142.779296875	1.8509825023132184e-08
10150.0	5.013687242224997e-09
10152.7822265625	1.7065378081483689e-12
10160.0	1.659824820306994e-12
10162.78515625	1.64180083743594e-12
10170.0	4.327068786787008e-09
10172.7880859375	5.930779627909137e-09
10180.0	2.9084809611843477e-09
10182.7900390625	1.7857967046889214e-09
10190.0	1.4540844897738568e-09
10192.79296875	1.3303153393481638e-09
10200.0	3.6089343856096925e-10
10202.7958984375	1.3907108286896227e-12
10210.0	9.049019025819306e-09
10212.7978515625	1.2469422313287458e-08
10220.0	4.506968058165923e-09
10222.80078125	1.4925010125337433e-09
10230.0	1.2508863495491056e-09
10232.8037109375	1.1591083131671084e-09
10240.0	3.195168627709598e-10
10242.806640625	1.2447124915800386e-12
10250.0	1.2187047538173484e-12
10252.80859375	1.208552462535961e-12
10260.0	4.019701249724042e-09
10262.8115234375	5.542754852787698e-09
10270.0	1.5262110596768857e-09
10272.8154296875	1.1359482728026273e-12
10280.0	1.1889042850933529e-08
10282.8173828125	1.6399385831188068e-08
10290.0	5.94999318272162e-09
10292.8203125	1.9795550622681305e-09
10300.0	5.458846302094431e-10
10302.8232421875	1.0270225956359586e-12
10310.0	2.6133918001370733e-09
10312.826171875	3.6052119276289103e-09
10320.0	9.936053173331228e-10
10322.828125	9.551851419867457e-13
10330.0	9.29466736056649e-13
10332.8310546875	9.19318859264736e-13
10340.0	3.147271834037234e-10
10342.833984375	4.336691744705128e-10
10350.0	5.673534328272759e-10
10352.8359375	6.179801155000594e-10
10360.0	1.7067544126561291e-10
10362.8388671875	8.110449479629847e-13
10370.0	4.2744917382015585e-09
10372.841796875	5.89346622245337e-09
10380.0	1.6210658637111638e-09
10382.84375	7.397603186435561e-13
10390.0	4.917717188950917e-09
10392.8466796875	6.776255201735628e-09
10400.0	2.8193118886647533e-09
10402.849609375	1.329713323926215e-09
10410.0	2.406080927803227e-09
10412.8525390625	2.823734762552601e-09
10420.0	1.7315428902210564e-09
10422.85546875	1.3069818940459702e-09
10430.0	4.78677497217374e-10
10432.8583984375	1.5666651971858007e-10
10440.0	2.5627223161431637e-09
10442.861328125	3.497701283144545e-09
10450.0	9.800589546597804e-10
10452.86328125	5.814885147584331e-13
10460.0	4.028491804051445e-09
10462.8662109375	5.594553292964516e-09
10470.0	3.1718488929999866e-09
10472.869140625	2.2278580621722315e-09
10480.0	6.249122241896753e-10
10482.8720703125	5.26698491563369e-13
10490.0	1.9779053581869196e-09
10492.8740234375	2.747198973040294e-09
10500.0	3.4317614077066327e-09
10502.876953125	3.695869322939152e-09
10510.0	1.035737894459914e-09
10512.8798828125	4.720736444081845e-13
10520.0	4.59291891453141e-13
10522.8818359375	4.541221826350215e-13
10530.0	7.487727745984103e-10
10532.884765625	1.039731754784777e-09
10540.0	2.9169389470160166e-10
10542.8876953125	4.1829867714471397e-13
10550.0	2.6417798522726977e-09
10552.890625	3.6667963113109374e-09
10560.0	1.0262818826999084e-09
10562.892578125	3.8214548277833514e-13
10570.0	3.695008913234939e-13
10572.896484375	3.643517285390185e-13
10580.0	3.34697615728751e-10
10582.8994140625	4.642731497332091e-10
10590.0	6.972831422796317e-10
10592.9013671875	7.870814618971837e-10
10600.0	2.442612958362125e-09
10602.904296875	3.110109181933288e-09
10610.0	8.884392925909986e-10
10612.9072265625	3.064751274208776e-13
10620.0	3.0129416522586e-13
10622.91015625	2.9917030553910036e-13
10630.0	2.2907859009197637e-09
10632.912109375	3.208274388449524e-09
10640.0	2.651991162309556e-09
10642.9150390625	2.427609997020525e-09
10650.0	2.2849985493208295e-09
10652.91796875	2.228147364360148e-09
10660.0	1.363735274937467e-09
10662.919921875	1.0163880412349635e-09
10670.0	2.9358264333550696e-09
10672.9228515625	3.7063850323582965e-09
10680.0	2.7298067459779355e-09
10682.92578125	2.3365782026886046e-09
10690.0	2.129067383848825e-09
10692.9287109375	2.044385026183173e-09
10700.0	1.1568548549777211e-09
10702.9306640625	8.000831568657865e-10
10710.0	1.872738335285029e-09
10712.93359375	2.3041295393062424e-09
10720.0	1.8163893178987748e-09
10722.9365234375	1.6194164004685005e-09
10730.0	4.654377647434121e-10
10732.939453125	2.1912439585544539e-13
10740.0	3.243467262763057e-10
10742.9423828125	4.5493310172953427e-10
10750.0	1.8120110788843785e-09
10752.9453125	2.3587734038252814e-09
10760.0	6.783843787498145e-10
10762.9482421875	1.9763918433750107e-13
10770.0	3.4450954914514137e-12
10772.9501953125	4.752126140212195e-12
10780.0	3.713953386049852e-10
10782.953125	5.191434041042031e-10
10790.0	1.4939253694822713e-10
10792.9560546875	1.762547377268853e-13
10800.0	6.642239498959719e-10
10802.9580078125	9.344356174287075e-10
10810.0	5.685141822851814e-10
10812.9609375	4.1915301234792184e-10
10820.0	6.801014519918059e-10
10822.9638671875	7.863769444633592e-10
10830.0	1.1820678022468839e-09
10832.966796875	1.3429891552246738e-09
10840.0	3.8911939718847127e-10
10842.96875	1.4835083575945265e-13
10850.0	6.173685072714918e-10
10852.9716796875	8.687635464201829e-10
10860.0	4.205368545615922e-10
10862.974609375	2.3761587530891363e-10
10870.0	3.881355823624729e-10
10872.9765625	4.493229304692877e-10
10880.0	4.304897773650207e-10
10882.98046875	4.224601646731725e-10
10890.0	5.530658474430505e-10
10892.9833984375	6.06176042194043e-10
10900.0	1.7565102673582344e-10
10902.986328125	1.1675191425118755e-13
10910.0	3.8207890006719834e-10
10912.98828125	5.373770756123898e-10
10920.0	7.487953267793616e-10
10922.9912109375	8.34019714060744e-10
10930.0	4.236052047702821e-10
10932.994140625	2.5676311941501373e-10
10940.0	4.5596735854482165e-10
10942.99609375	5.364707390467676e-10
10950.0	2.2002921125215676e-10
10952.9990234375	9.154603278076299e-11
10960.0	2.304842990471251e-10
10963.001953125	2.865108760663797e-10
10970.0	2.3065197316909986e-10
10973.0048828125	2.078437762279639e-10
10980.0	3.4046998225485793e-10
10983.0068359375	3.9330736238261164e-10
10990.0	2.5118398231438136e-10
10993.009765625	1.9390674145349182e-10
11000.0	5.549677682351124e-11
11003.0126953125	6.571273470260538e-14
11006.0263671875	0.0
