WAVELENGTH	THROUGHPUT
1989.3538818359375	0.0
1990.0	1.1733818412229473e-11
1990.6463623046875	1.1759174379982444e-11
2000.0	1.2129985764266697e-11
2000.648193359375	1.2139138026125286e-11
2010.0	1.2271351447385477e-11
2010.64990234375	1.2280528677072746e-11
2020.0	1.2412724657830277e-11
2020.6517333984375	1.2421142582971555e-11
2030.0	5.1944391032124356e-09
2030.6534423828125	5.560720678704211e-09
2040.0	6.67407383419998e-09
2040.6552734375	6.752927836737015e-09
2050.0	4.6013874018061607e-10
2050.656982421875	1.2833680181018594e-11
2060.0	1.2989282143099235e-11
2060.658935546875	1.3000211137729446e-11
2070.0	4.735945066003552e-09
2070.660888671875	5.073979177839176e-09
2080.0	5.341743986618688e-09
2080.662841796875	5.361226892950243e-09
2090.0	3.867861972756797e-09
2090.664794921875	3.760156818025948e-09
2100.0	3.3902930449495313e-09
2100.666748046875	3.368313301113881e-09
2110.0	3.3830368541562043e-09
2110.668701171875	3.383926271371338e-09
2120.0	3.3899297208241338e-09
2120.670654296875	3.3899608288169157e-09
2130.0	6.930019964055293e-10
2130.672607421875	4.923915713922111e-10
2140.0	4.866954688535004e-11
2140.674560546875	1.5545002099742454e-11
2150.0	6.304223562157802e-10
2150.676513671875	6.764027817400737e-10
2160.0	3.368829767542762e-09
2160.6787109375	3.570500681138215e-09
2170.0	1.2029210978791517e-08
2170.6806640625	1.2665325142153704e-08
2180.0	6.696728591345456e-09
2180.682861328125	6.245879082596703e-09
2190.0	7.3045822326569945e-09
2190.684814453125	7.384290926964774e-09
2200.0	3.630470786554821e-09
2200.68701171875	3.3459109780969766e-09
2210.0	3.700740320559181e-09
2210.68896484375	3.727806227842105e-09
2220.0	3.8641841049277935e-09
2220.691162109375	3.8743735929807625e-09
2230.0	7.583853081089357e-09
2230.693115234375	7.865107158871393e-09
2240.0	7.179325947963874e-09
2240.6953125	7.12600443946506e-09
2250.0	7.4174594429406285e-09
2250.697509765625	7.439926515376643e-09
2260.0	1.2245885769022855e-08
2260.69970703125	1.2615129707733782e-08
2270.0	3.777673258313033e-09
2270.701904296875	3.095488618093452e-09
2280.0	1.7744156383726861e-09
2280.7041015625	1.671989448853952e-09
2290.0	5.092189807175242e-09
2290.706298828125	5.357519004877218e-09
2300.0	3.4868361622984907e-09
2300.70849609375	3.3397525863918484e-09
2310.0	3.8855866120515225e-09
2310.71044921875	3.9278299846361715e-09
2320.0	8.905022774981203e-09
2320.712890625	9.291619057348365e-09
2330.0	4.895721108541824e-09
2330.715087890625	4.552996630700402e-09
2340.0	9.312713924394726e-09
2340.71728515625	9.685267751383988e-09
2350.0	7.798065823750131e-09
2350.719482421875	7.649651434092569e-09
2360.0	5.826017604866598e-10
2360.7216796875	2.575305465254254e-11
2370.0	5.852558114106963e-09
2370.723876953125	6.312954004946051e-09
2380.0	7.4291214083108934e-09
2380.72607421875	7.517468374595643e-09
2390.0	3.5245591895313736e-09
2390.728515625	3.206678199885208e-09
2400.0	3.5211191787759357e-09
2400.730712890625	3.5430517718177214e-09
2410.0	7.241068601507712e-09
2410.73291015625	7.533215345865123e-09
2420.0	1.2345654789135994e-08
2420.735107421875	1.2727024516230116e-08
2430.0	7.570356878404838e-09
2430.737548828125	7.1589360402590625e-09
2440.0	2.446244509043221e-09
2440.73974609375	2.071234794335759e-09
2450.0	1.0695798297831374e-08
2450.7421875	1.1385318399283678e-08
2460.0	4.726649975873225e-09
2460.744384765625	4.192280858594022e-09
2470.0	9.749207592740079e-09
2470.74658203125	1.0196584306467176e-08
2480.0	7.911084199843196e-09
2480.7490234375	7.726548660676185e-09
2490.0	1.5719397954161986e-08
2490.751220703125	1.636565032721977e-08
2500.0	6.6565694068219915e-09
2500.753662109375	5.867053406440438e-09
2510.0	7.794156359559079e-09
2510.756103515625	7.950780008868571e-09
2520.0	2.3742095954064077e-09
2520.75830078125	1.9193816857871426e-09
2530.0	8.571043904951967e-09
2530.760498046875	9.115193394947402e-09
2540.0	1.690352910739045e-08
2540.762939453125	1.7542665065345567e-08
2550.0	2.155683194651926e-09
2550.765380859375	8.885166282404321e-10
2560.0	4.699054977627498e-09
2560.767578125	5.013868322314672e-09
2570.0	1.0440912314690732e-08
2570.77001953125	1.0890687264441553e-08
2580.0	1.1816301538510656e-08
2580.7724609375	1.1892406459156942e-08
2590.0	1.2437663204768387e-08
2590.77490234375	1.2483968736795615e-08
2600.0	5.123636559510323e-09
2600.777099609375	4.505883241870923e-09
2610.0	8.36545958982884e-09
2610.779541015625	8.687285107621444e-09
2620.0	1.5503085472872986e-09
2620.781982421875	9.525584541517049e-10
2630.0	8.4325670645316e-09
2630.7841796875	9.061731113814094e-09
2640.0	5.583136916167463e-09
2640.78662109375	5.289141410917134e-09
2650.0	9.096282551352742e-09
2650.7890625	9.418854181771902e-09
2660.0	5.891968670280825e-09
2660.79150390625	5.592370026071563e-09
2670.0	4.598858352742204e-10
2670.793701171875	2.275420386307463e-11
2680.0	6.8027966522679476e-09
2680.796142578125	7.3819520047438816e-09
2690.0	9.465536030696073e-09
2690.798583984375	9.643969520273352e-09
2700.0	7.986425877952349e-09
2700.801025390625	7.850989570210814e-09
2710.0	1.0806599948837971e-08
2710.803466796875	1.1065244130600313e-08
2720.0	9.806282103880328e-09
2720.805908203125	9.695995462068923e-09
2730.0	2.1825763917586405e-09
2730.808349609375	1.5221035475521435e-09
2740.0	1.4332803847016473e-10
2740.810791015625	2.18601769486535e-11
2750.0	3.17785442475937e-09
2750.81298828125	3.4567234004506276e-09
2760.0	3.129054661726651e-09
2760.815673828125	3.1002293324690376e-09
2770.0	4.977369868830701e-09
2770.818115234375	5.144524273927144e-09
2780.0	6.7445898273977945e-09
2780.8203125	6.886977814010776e-09
2790.0	8.889175359816053e-09
2790.822998046875	9.069134134168439e-09
2800.0	4.729568674724879e-09
2800.8251953125	4.341304400767328e-09
2810.0	3.809354640038664e-10
2810.827880859375	2.1886119263147204e-11
2820.0	7.878797453679713e-09
2820.830078125	8.593198158787458e-09
2830.0	5.256608831760378e-09
2830.83251953125	4.951444413799713e-09
2840.0	8.783077744648023e-09
2840.835205078125	9.133803349939355e-09
2850.0	9.889960801891752e-09
2850.837646484375	9.959317598009278e-09
2860.0	1.1180846400115673e-08
2860.840087890625	1.1292387272292607e-08
2870.0	1.8229344479954886e-08
2870.842529296875	1.8870569787548496e-08
2880.0	1.2318256658738926e-08
2880.844970703125	1.171056842977312e-08
2890.0	1.4049934664681687e-08
2890.847412109375	1.4268144681697794e-08
2900.0	3.5462233633635465e-08
2900.849853515625	3.7450339111423836e-08
2910.0	3.4802937548655275e-08
2910.852294921875	3.4551639482177547e-08
2920.0	4.648302401427243e-08
2920.854736328125	4.760888490273866e-08
2930.0	7.403020468886521e-08
2930.857421875	7.652002139184489e-08
2940.0	7.2860580204034e-08
2940.85986328125	7.251943048123576e-08
2950.0	1.0113235369442329e-07
2950.8623046875	1.0385168125996614e-07
2960.0	1.3252559863205413e-07
2960.86474609375	1.3524840650677707e-07
2970.0	1.6130079904997403e-07
2970.8671875	1.6380216023859994e-07
2980.0	1.8957191513809314e-07
2980.86962890625	1.920280482866254e-07
2990.0	2.173564471184363e-07
2990.872314453125	2.198083377477985e-07
3000.0	2.288338622541522e-07
3000.874755859375	2.2955524794199946e-07
3010.0	2.676266652618939e-07
3010.877197265625	2.713070879165017e-07
3020.0	2.8584337269341815e-07
3020.879638671875	2.872457599721396e-07
3030.0	2.8829357586259775e-07
3030.882080078125	2.8837073970634894e-07
3040.0	3.0846788521476823e-07
3040.884765625	3.104419667547359e-07
3050.0	3.066448011520386e-07
3050.88720703125	3.0625054164557827e-07
3060.0	3.0614059269655166e-07
3060.8896484375	3.061541237819973e-07
3070.0	3.2462021781547837e-07
3070.89208984375	3.264034314811637e-07
3080.0	2.971908320320088e-07
3080.894775390625	2.94344974194547e-07
3090.0	3.098442568350937e-07
3090.897216796875	3.1134737182365477e-07
3100.0	3.27079815678287e-07
3100.899658203125	3.286605599436419e-07
3110.0	3.4924512810544273e-07
3110.902099609375	3.5128679514751686e-07
3120.0	3.8072197688134245e-07
3120.90478515625	3.836200669974679e-07
3130.0	4.208831132780275e-07
3130.9072265625	4.2463322380333987e-07
3140.0	4.752922867978281e-07
3140.909912109375	4.803259162742901e-07
3150.0	4.803185298786908e-07
3150.912353515625	4.803566542345402e-07
3160.0	4.923272796430107e-07
3160.914794921875	4.934926003378473e-07
3170.0	4.7338294137573306e-07
3170.917236328125	4.7139155756261667e-07
3180.0	4.6826576184620733e-07
3180.919921875	4.679106080042877e-07
3190.0	4.6090980684996336e-07
3190.92236328125	4.602364414730638e-07
3200.0	4.405205974534867e-07
3200.9248046875	4.384289765902528e-07
3210.0	4.3132306446710873e-07
3210.927490234375	4.3063322579071657e-07
3220.0	4.4886861354104046e-07
3220.929931640625	4.506995262712464e-07
3230.0	4.548826696856251e-07
3230.9326171875	4.55349644509114e-07
3240.0	4.588857609648063e-07
3240.93505859375	4.592121231234045e-07
3250.0	4.4347425881615455e-07
3250.9375	4.4188557987784245e-07
3260.0	4.618812205090935e-07
3260.940185546875	4.6391578310060866e-07
3270.0	4.857042676355776e-07
3270.942626953125	4.880086782820977e-07
3280.0	4.891870395817746e-07
3280.9453125	4.892689888231611e-07
3290.0	4.407569343164484e-07
3290.94775390625	4.3572300468898854e-07
3300.0	4.7356480419627804e-07
3300.9501953125	4.774946737979091e-07
3310.0	4.7125505483949584e-07
3310.952880859375	4.706387526917921e-07
3320.0	4.050776163645418e-07
3320.955322265625	3.9812501299766266e-07
3330.0	3.66911341337104e-07
3330.9580078125	3.6364071529095475e-07
3340.0	2.821170910071362e-07
3340.96044921875	2.7343927820048875e-07
3350.0	2.2367550237228937e-07
3350.962890625	2.1840089583140512e-07
3360.0	1.8339701696911754e-07
3360.965576171875	1.7964388649356073e-07
3370.0	1.68387562312798e-07
3370.968017578125	1.6719755518384518e-07
3380.0	1.7246600667741828e-07
3380.970703125	1.7301720360006717e-07
3390.0	2.5819495835758057e-07
3390.97314453125	2.673847852363199e-07
3400.0	2.6202995656537143e-07
3400.975830078125	2.612977476938223e-07
3410.0	3.7882573490475575e-07
3410.978271484375	3.915145847192758e-07
3420.0	3.611588329106189e-07
3420.98095703125	3.5784518307426334e-07
3430.0	4.2849006361549777e-07
3430.9833984375	4.361749700121843e-07
3440.0	4.3220504495847543e-07
3440.986083984375	4.317345286246068e-07
3450.0	4.0315227838819923e-07
3450.988525390625	4.0007213105339183e-07
3460.0	4.4933015957725016e-07
3460.9912109375	4.5467442335056485e-07
3470.0	4.817268546867103e-07
3470.99365234375	4.846880867776678e-07
3480.0	4.844057121156709e-07
3480.996337890625	4.844149647668644e-07
3490.0	4.967551333879665e-07
3490.998779296875	4.980701642966644e-07
3500.0	5.240124244854974e-07
3501.00146484375	5.269223980400473e-07
3510.0	5.136010431346538e-07
3511.00390625	5.120769170318939e-07
3520.0	5.239472024604831e-07
3521.006591796875	5.253098787855522e-07
3530.0	5.339333520346555e-07
3531.009033203125	5.348452615095164e-07
3540.0	5.239991726736194e-07
3541.01171875	5.228313300937392e-07
3550.0	5.06506300177282e-07
3551.014404296875	5.046286325660251e-07
3560.0	5.021313817435193e-07
3561.016845703125	5.018482486688157e-07
3570.0	5.232294734461302e-07
3571.019287109375	5.256816500337978e-07
3580.0	4.663865433944962e-07
3581.02197265625	4.596402261774627e-07
3590.0	5.018863483164997e-07
3591.024658203125	5.067142400419867e-07
3600.0	4.7909522665824e-07
3601.027099609375	4.7638970637744517e-07
3610.0	4.944756594502823e-07
3611.02978515625	4.966004412630146e-07
3620.0	5.048008042237503e-07
3621.0322265625	5.057014948779745e-07
3630.0	5.018363990676395e-07
3631.034912109375	5.013814245532174e-07
3640.0	5.016600127405994e-07
3641.03759765625	5.017377119161467e-07
3650.0	5.000746793083925e-07
3651.0400390625	4.998355718862968e-07
3660.0	4.815746935404889e-07
3661.04248046875	4.794893433624276e-07
3670.0	4.5228774802177215e-07
3671.045166015625	4.4906358583193004e-07
3680.0	4.659789706903901e-07
3681.0478515625	4.6796220432897666e-07
3690.0	4.470960024955787e-07
3691.05029296875	4.446834389361572e-07
3700.0	5.006451970893457e-07
3701.052978515625	5.072016006202127e-07
3710.0	4.399065776396223e-07
3711.0556640625	4.319899376644856e-07
3720.0	4.609526741436969e-07
3721.05810546875	4.643457504185765e-07
3730.0	4.91573543921119e-07
3731.060791015625	4.948099601588881e-07
3740.0	5.198261595746028e-07
3741.063232421875	5.228554007489249e-07
3750.0	5.082162306375328e-07
3751.06591796875	5.064179446679372e-07
3760.0	5.18558663020579e-07
3761.068603515625	5.200616823541848e-07
3770.0	5.234752139528166e-07
3771.071044921875	5.238365090340253e-07
3780.0	5.391403682424825e-07
3781.07373046875	5.409840260323589e-07
3790.0	5.535205021095472e-07
3791.076416015625	5.550866151904576e-07
3800.0	5.437041841959297e-07
3801.078857421875	5.425020243950989e-07
3810.0	5.400680438160204e-07
3811.08154296875	5.39768936635858e-07
3820.0	5.327794516607162e-07
3821.083984375	5.31972832136664e-07
3830.0	5.633196615607557e-07
3831.086669921875	5.671094776340569e-07
3840.0	5.757734681069833e-07
3841.08935546875	5.768906039320123e-07
3850.0	5.843766544269466e-07
3851.091796875	5.85241760163229e-07
3860.0	5.644243200983347e-07
3861.094482421875	5.618498053883511e-07
3870.0	5.758596188252474e-07
3871.09716796875	5.776480271371903e-07
3880.0	5.569671092670731e-07
3881.099609375	5.543408817624928e-07
3890.0	5.845675381127575e-07
3891.102294921875	5.883293906009876e-07
3900.0	5.192033621039484e-07
3901.10498046875	5.106178182632653e-07
3910.0	5.397429168576077e-07
3911.107421875	5.433372406743997e-07
3920.0	5.822850026265633e-07
3921.110107421875	5.871712252187165e-07
3930.0	5.754543150122479e-07
3931.11279296875	5.74032576442776e-07
3940.0	5.55810354485003e-07
3941.115478515625	5.534528062942371e-07
3950.0	5.753177989177579e-07
3951.117919921875	5.780811461235255e-07
3960.0	6.023392762781699e-07
3961.12060546875	6.054720405072967e-07
3970.0	6.64171737409201e-07
3971.123291015625	6.715745951072668e-07
3980.0	5.997315487739169e-07
3981.125732421875	5.905701987648111e-07
3990.0	6.130921098224234e-07
3991.12841796875	6.160279428061599e-07
4000.0	6.048768800799193e-07
4001.131103515625	6.031308227435558e-07
4010.0	5.876708816009944e-07
4011.133544921875	5.856911053784202e-07
4020.0	5.840897606997145e-07
4021.13623046875	5.839403970712315e-07
4030.0	5.824115577490436e-07
4031.138916015625	5.821981155590998e-07
4040.0	5.881457197933162e-07
4041.1416015625	5.889125555582989e-07
4050.0	6.047223318602681e-07
4051.14404296875	6.068267365921638e-07
4060.0	6.54404452891224e-07
4061.146728515625	6.605159212125354e-07
4070.0	6.818912457969378e-07
4071.1494140625	6.846706617709102e-07
4080.0	6.993327450263512e-07
4081.15185546875	7.013131321775743e-07
4090.0	7.274519819861262e-07
4091.154541015625	7.307983509278419e-07
4100.0	7.177578737352254e-07
4101.1572265625	7.160474537482882e-07
4110.0	6.828836323980336e-07
4111.15966796875	6.785926880493106e-07
4120.0	6.440560770336775e-07
4121.16259765625	6.394366810612307e-07
4130.0	6.088170244120614e-07
4131.1650390625	6.047720787762801e-07
4140.0	5.527010726086721e-07
4141.16748046875	5.458069680771922e-07
4150.0	5.198922383776112e-07
4151.17041015625	5.165032227361635e-07
4160.0	5.090558156796152e-07
4161.1728515625	5.080121029033538e-07
4170.0	4.992134671786965e-07
4171.17529296875	4.980391304697613e-07
4180.0	5.187070224290016e-07
4181.17822265625	5.215234778700615e-07
4190.0	5.500979326568897e-07
4191.1806640625	5.538754479740859e-07
4200.0	5.830847600772753e-07
4201.18359375	5.870110659953035e-07
4210.0	5.827208688087635e-07
4211.18603515625	5.821419934354505e-07
4220.0	5.759168036109804e-07
4221.1884765625	5.751340385021566e-07
4230.0	5.722652679085994e-07
4231.19140625	5.717911072431389e-07
4240.0	5.490049695875403e-07
4241.19384765625	5.45911865686445e-07
4250.0	5.208660988934563e-07
4251.1962890625	5.175117234383814e-07
4260.0	5.055093581575902e-07
4261.19921875	5.038184874595607e-07
4270.0	5.354800390266514e-07
4271.20166015625	5.398085055629495e-07
4280.0	5.528864917042834e-07
4281.20458984375	5.546788754503784e-07
4290.0	6.072031001153549e-07
4291.20703125	6.144836023925637e-07
4300.0	6.527858354610427e-07
4301.20947265625	6.579970492356513e-07
4310.0	7.078580047459192e-07
4311.21240234375	7.147433830912113e-07
4320.0	7.250750140352875e-07
4321.21484375	7.265050402283042e-07
4330.0	7.210161789657847e-07
4331.2177734375	7.203289328134306e-07
4340.0	7.265708011731125e-07
4341.22021484375	7.273634801710694e-07
4350.0	7.230192817755181e-07
4351.22265625	7.224128409942292e-07
4360.0	7.397168069549641e-07
4361.2255859375	7.421352140154087e-07
4370.0	7.147815014460077e-07
4371.22802734375	7.110223740389096e-07
4380.0	6.922045317762296e-07
4381.23046875	6.894864066891187e-07
4390.0	6.757520339830995e-07
4391.2333984375	6.738174906016394e-07
4400.0	6.392081121748218e-07
4401.23583984375	6.343228873960771e-07
4410.0	5.819152549685032e-07
4411.23876953125	5.744982254546394e-07
4420.0	5.393909357168212e-07
4421.2412109375	5.344672047449065e-07
4430.0	5.33607534817753e-07
4431.244140625	5.334534277933408e-07
4440.0	5.411705195109538e-07
4441.24658203125	5.422705422368988e-07
4450.0	5.957681369019023e-07
4451.2490234375	6.034138320658759e-07
4460.0	6.313568106169389e-07
4461.251953125	6.354283942409708e-07
4470.0	6.935631938035563e-07
4471.25439453125	7.018444095540216e-07
4480.0	7.168661122562388e-07
4481.25732421875	7.190293114541307e-07
4490.0	7.178725860106371e-07
4491.259765625	7.177053009458431e-07
4500.0	6.796614567972848e-07
4501.26220703125	6.74071352647365e-07
4510.0	6.147242608117066e-07
4511.26513671875	6.061913731304653e-07
4520.0	5.573410217905836e-07
4521.267578125	5.501821819544099e-07
4530.0	4.977233093336603e-07
4531.2705078125	4.90086432528333e-07
4540.0	4.472532079301169e-07
4541.27294921875	4.4100354347422985e-07
4550.0	4.093619562083156e-07
4551.275390625	4.0473498812157076e-07
4560.0	3.712211523779945e-07
4561.2783203125	3.663476886505198e-07
4570.0	3.514477824769839e-07
4571.28076171875	3.4921835668933285e-07
4580.0	3.4598405562645654e-07
4581.28369140625	3.455076690514784e-07
4590.0	3.590359404607582e-07
4591.2861328125	3.6103331459013326e-07
4600.0	3.8893560857732473e-07
4601.28857421875	3.9306398956893347e-07
4610.0	4.4576619342166476e-07
4611.29150390625	4.5363376415513405e-07
4620.0	5.212097274676691e-07
4621.2939453125	5.312059055119195e-07
4630.0	6.107882415271297e-07
4631.296875	6.226319253937007e-07
4640.0	7.173134347543674e-07
4641.29931640625	7.31453653700285e-07
4650.0	7.887250265347415e-07
4651.3017578125	7.972968500536073e-07
4660.0	8.449332842423643e-07
4661.3046875	8.52081149776632e-07
4670.0	8.828308981756222e-07
4671.30712890625	8.875534623702241e-07
4680.0	9.12149065664671e-07
4681.31005859375	9.157581177705318e-07
4690.0	9.201135329700556e-07
4691.3125	9.20771206545861e-07
4700.0	9.092557120404831e-07
4701.3154296875	9.075112712036544e-07
4710.0	9.018451101485883e-07
4711.31787109375	9.009849690736308e-07
4720.0	8.669137824837989e-07
4721.3203125	8.617310540694598e-07
4730.0	8.122038677735215e-07
4731.3232421875	8.046506713933706e-07
4740.0	7.613026735096118e-07
4741.32568359375	7.5476255158276e-07
4750.0	7.023127888301384e-07
4751.32861328125	6.941910825199485e-07
4760.0	6.663699293755062e-07
4761.3310546875	6.620978889816973e-07
4770.0	6.779484970146189e-07
4771.333984375	6.803884487931849e-07
4780.0	7.074882569772548e-07
4781.33642578125	7.116688855170474e-07
4790.0	7.288945240891129e-07
4791.3388671875	7.315573314226292e-07
4800.0	7.356571913532596e-07
4801.341796875	7.362925486481777e-07
4810.0	7.402112772229544e-07
4811.34423828125	7.409045908067232e-07
4820.0	6.728892523426468e-07
4821.34716796875	6.622152938245217e-07
4830.0	5.772746869690327e-07
4831.349609375	5.640132409402332e-07
4840.0	4.780433128591334e-07
4841.3525390625	4.6459817282723086e-07
4850.0	3.6294772922213087e-07
4851.35498046875	3.4701602557699024e-07
4860.0	2.9902976668775893e-07
4861.357421875	2.9149321203934376e-07
4870.0	2.288809896311191e-07
4871.3603515625	2.1902348001314032e-07
4880.0	2.0171085606062782e-07
4881.36279296875	1.989794896018455e-07
4890.0	1.892088032745561e-07
4891.36572265625	1.8768525345744045e-07
4900.0	1.844839191723579e-07
4901.3681640625	1.8395474058713626e-07
4910.0	1.953362349329349e-07
4911.37109375	1.9714444087455844e-07
4920.0	2.1678830909612488e-07
4921.37353515625	2.199160291325855e-07
4930.0	2.4722481055340616e-07
4931.3759765625	2.515819572254572e-07
4940.0	2.9855153637281403e-07
4941.37890625	3.0606348715871e-07
4950.0	3.7225367983915556e-07
4951.38134765625	3.8286189520690613e-07
4960.0	4.5717371565680024e-07
4961.38427734375	4.691120071563028e-07
4970.0	5.698469775617357e-07
4971.38671875	5.860644642374408e-07
4980.0	6.990082905554188e-07
4981.3896484375	7.172351848660775e-07
4990.0	8.083766232994773e-07
4991.39208984375	8.232131761443824e-07
5000.0	9.010984864885214e-07
5001.39501953125	9.135927605823431e-07
5010.0	9.574294115627242e-07
5011.3974609375	9.645488715002504e-07
5020.0	9.755977691004186e-07
5021.39990234375	9.773959526101912e-07
5030.0	1.0079763211884772e-06
5031.40283203125	1.0129322409260039e-06
5040.0	9.832902651178326e-07
5041.4052734375	9.78446399841136e-07
5050.0	9.717377568720089e-07
5051.408203125	9.706386287781965e-07
5060.0	9.779821318369474e-07
5061.41064453125	9.791877414665648e-07
5070.0	9.655203569432922e-07
5071.41357421875	9.632718161578007e-07
5080.0	9.319470999897062e-07
5081.416015625	9.267826460282186e-07
5090.0	9.033004889213733e-07
5091.4189453125	8.994199502875993e-07
5100.0	8.480037439698637e-07
5101.42138671875	8.394891714700331e-07
5110.0	7.920564858011878e-07
5111.42431640625	7.841826388022688e-07
5120.0	7.352680683165477e-07
5121.4267578125	7.271315824906513e-07
5130.0	7.399471247914401e-07
5131.42919921875	7.421728478758791e-07
5140.0	7.533210622974185e-07
5141.43212890625	7.550939427318486e-07
5150.0	8.082732912567096e-07
5151.4345703125	8.171755733688598e-07
5160.0	8.807994403622377e-07
5161.4375	8.914747099466362e-07
5170.0	8.956850922018893e-07
5171.43994140625	8.963923782188733e-07
5180.0	8.940681164310267e-07
5181.44287109375	8.936762371701712e-07
5190.0	8.094269492180855e-07
5191.4453125	7.952006203948275e-07
5200.0	6.700602590884358e-07
5201.4482421875	6.488799069476713e-07
5210.0	4.942049877119139e-07
5211.45068359375	4.679725010541093e-07
5220.0	3.361723668121628e-07
5221.45361328125	3.1376796431869287e-07
5230.0	2.1965186633960942e-07
5231.4560546875	2.0362273912414118e-07
5240.0	1.4515136011588587e-07
5241.45849609375	1.3517181831575357e-07
5250.0	1.003182173125141e-07
5251.46142578125	9.435596562926712e-08
5260.0	9.401124703418226e-08
5261.4638671875	9.395217880727504e-08
5270.0	8.75822540824344e-08
5271.466796875	8.648786389828878e-08
5280.0	7.508017846452887e-08
5281.46923828125	7.311634200750015e-08
5290.0	8.21130775130615e-08
5291.47216796875	8.366534960248379e-08
5300.0	1.1205597072437737e-07
5301.474609375	1.1696422123156582e-07
5310.0	1.4952232514421564e-07
5311.4775390625	1.5516383050273226e-07
5320.0	1.8377002762585957e-07
5321.47998046875	1.8873675533405472e-07
5330.0	2.222257851106679e-07
5331.48291015625	2.2805332026261196e-07
5340.0	2.317660671233084e-07
5341.4853515625	2.3241337471667528e-07
5350.0	2.138314364437271e-07
5351.48779296875	2.1058495157504245e-07
5360.0	1.9224606716873803e-07
5361.49072265625	1.890349027824859e-07
5370.0	1.6398481578219516e-07
5371.4931640625	1.5959001349231716e-07
5380.0	1.6762003315459185e-07
5381.49609375	1.6903200474004288e-07
5390.0	1.8944133871540404e-07
5391.49853515625	1.9303704686534312e-07
5400.0	2.2162373978474215e-07
5401.50146484375	2.2667126563514153e-07
5410.0	2.4601988876581905e-07
5411.50390625	2.494429099692668e-07
5420.0	2.4852607535881736e-07
5421.5068359375	2.483633295162547e-07
5430.0	2.2001983661141392e-07
5431.50927734375	2.1498381280656843e-07
5440.0	1.6622808393576469e-07
5441.51220703125	1.5754664068941308e-07
5450.0	1.201755706544096e-07
5451.5146484375	1.1350820907604258e-07
5460.0	6.550275598386646e-08
5461.517578125	5.691921700129639e-08
5470.0	5.3649960728279644e-08
5471.52001953125	5.306422074248245e-08
5480.0	3.3327131824577975e-08
5481.5224609375	2.978452888405579e-08
5490.0	3.189196154879278e-08
5491.525390625	3.2271034637578834e-08
5500.0	3.4599084598004815e-08
5501.52783203125	3.5018923638908544e-08
5510.0	2.7171115259076924e-08
5511.53076171875	2.57534624296556e-08
5520.0	2.1712636976819922e-08
5521.533203125	2.0981275646873367e-08
5530.0	1.9691345548480133e-08
5531.5361328125	1.9457348483739506e-08
5540.0	1.9633114208481127e-08
5541.53857421875	1.96650340434028e-08
5550.0	1.8456087405157168e-08
5551.54150390625	1.823588228776876e-08
5560.0	1.3293348052444368e-08
5561.5439453125	1.239139488534139e-08
5570.0	2.4768176602909062e-08
5571.546875	2.7028144781698724e-08
5580.0	2.5607386576716063e-08
5581.54931640625	2.5350582909225417e-08
5590.0	1.6306307008898673e-08
5591.55224609375	1.4645462853162205e-08
5600.0	1.5905104884390623e-08
5601.5546875	1.6136851155252907e-08
5610.0	2.0462118689231122e-08
5611.5576171875	2.125962982558924e-08
5620.0	2.3851370443959635e-08
5621.56005859375	2.4330135994072133e-08
5630.0	1.763167289048337e-08
5631.56298828125	1.6390847420256593e-08
5640.0	2.2187144336513933e-08
5641.5654296875	2.3262026826597055e-08
5650.0	2.4359550400703322e-08
5651.56787109375	2.456345351253802e-08
5660.0	3.055121301715318e-08
5661.57080078125	3.1666036022736216e-08
5670.0	2.2322527683138817e-08
5671.57373046875	2.0579027816474706e-08
5680.0	1.9068632866674495e-08
5681.576171875	1.878624874270829e-08
5690.0	2.6422709528080614e-08
5691.57861328125	2.7852965458565304e-08
5700.0	1.9756941831971908e-08
5701.58154296875	1.823736106812019e-08
5710.0	2.1158188141622152e-08
5711.583984375	2.1707453491834948e-08
5720.0	2.559303389572657e-08
5721.5869140625	2.6321735436838936e-08
5730.0	2.7071239080330892e-08
5731.58935546875	2.7216278962215564e-08
5740.0	1.8813203317014054e-08
5741.59228515625	1.7223249716003172e-08
5750.0	2.4666075842529675e-08
5751.5947265625	2.6076994907552707e-08
5760.0	1.4776338287571135e-08
5761.59765625	1.2629542077101431e-08
5770.0	1.8401941264754543e-08
5771.60009765625	1.9500585467745448e-08
5780.0	1.7219144167360277e-08
5781.60302734375	1.6783996446563028e-08
5790.0	2.039384306931216e-08
5791.60546875	2.108363739912738e-08
5800.0	1.6330853831136414e-08
5801.6083984375	1.542073834286888e-08
5810.0	1.4483598467299529e-08
5811.61083984375	1.4303806755867472e-08
5820.0	2.5083044895599703e-08
5821.61376953125	2.7151700475438294e-08
5830.0	1.681553858270748e-08
5831.6162109375	1.482873372595226e-08
5840.0	1.657774449612387e-08
5841.619140625	1.691538390788205e-08
5850.0	2.244841758533713e-08
5851.62158203125	2.351856251636581e-08
5860.0	2.3882398479881374e-08
5861.62451171875	2.3952920302625904e-08
5870.0	1.799440080787243e-08
5871.626953125	1.6837420082754386e-08
5880.0	2.337032573058692e-08
5881.6298828125	2.4641497598653514e-08
5890.0	1.4864439965747977e-08
5891.63232421875	1.2958504332897957e-08
5900.0	1.4791289786087642e-08
5901.634765625	1.514711392074566e-08
5910.0	1.0412524171163606e-08
5911.6376953125	9.488097302061926e-09
5920.0	1.4966547595075545e-08
5921.640625	1.604096251654038e-08
5930.0	1.855080778421599e-08
5931.64306640625	1.9043937498462456e-08
5940.0	2.036115230727153e-08
5941.6455078125	2.0620425349501132e-08
5950.0	2.2572993296389455e-08
5951.6484375	2.295811257234931e-08
5960.0	1.02422550401685e-08
5961.65087890625	7.729650590131469e-09
5970.0	1.6531464051324506e-08
5971.65380859375	1.827171168636533e-08
5980.0	1.0585527099996565e-08
5981.65673828125	9.062956915776329e-09
5990.0	1.9360236034954494e-08
5991.6591796875	2.1407230997941934e-08
6000.0	1.9043760965357896e-08
6001.66162109375	1.8575488303010674e-08
6010.0	1.6612892169620085e-08
6011.66455078125	1.622096922193874e-08
6020.0	1.8023517568754994e-08
6021.6669921875	1.838415951721638e-08
6030.0	2.3692445782378695e-08
6031.669921875	2.4752671440856308e-08
6040.0	2.7161078350071755e-08
6041.67236328125	2.7648260046501802e-08
6050.0	3.0728945166855196e-08
6051.67529296875	3.134888269667574e-08
6060.0	3.1029968963741776e-08
6061.677734375	3.096568371645598e-08
6070.0	3.0737288264692275e-08
6071.6806640625	3.0691173070801207e-08
6080.0	3.571235586102077e-08
6081.68310546875	3.6728505545500006e-08
6090.0	3.876279345076145e-08
6091.68603515625	3.916970637601629e-08
6100.0	4.146329993247597e-08
6101.6884765625	4.1934856191802457e-08
6110.0	5.527855531961098e-08
6111.69140625	5.799483425275091e-08
6120.0	6.651065746952944e-08
6121.69384765625	6.824730213622319e-08
6130.0	8.544994653223243e-08
6131.69677734375	8.896512029975353e-08
6140.0	1.1374978586615442e-07
6141.69921875	1.1882339967347278e-07
6150.0	1.4467961832649365e-07
6151.7021484375	1.4996147500055174e-07
6160.0	2.1528460164556653e-07
6161.70458984375	2.287293058016917e-07
6170.0	3.334501118676005e-07
6171.70751953125	3.550121743469004e-07
6180.0	5.066163081212967e-07
6181.7099609375	5.37887087247121e-07
6190.0	8.543745878665194e-07
6191.712890625	9.197859775787853e-07
6200.0	1.5225268085186487e-06
6201.71533203125	1.6470818370907148e-06
6210.0	5.490722969818931e-06
6220.0	1.0134022518470241e-05
6230.0	1.4779978280385236e-05
6240.0	1.942987298457873e-05
6250.0	2.4062382131254968e-05
6251.72900390625	2.4866513547999843e-05
6251.9287109375	2.2460230337385753e-05
6252.12890625	2.2192998019456378e-05
6252.3291015625	2.299531105562136e-05
6252.529296875	2.5936749782302777e-05
6252.72900390625	1.951954290452402e-05
6252.92919921875	2.5134926417733034e-05
6253.12939453125	2.4867703225055757e-05
6253.3291015625	2.433308111737605e-05
6253.529296875	2.5135441643922008e-05
6253.7294921875	2.5670414636651795e-05
6253.9296875	2.3798775500636386e-05
6254.12939453125	2.620556955557374e-05
6254.32958984375	2.0590232172419742e-05
6254.52978515625	2.5403708406199512e-05
6254.7294921875	2.4601654641181667e-05
6254.9296875	2.0323242615494415e-05
6255.1298828125	2.4869402298571624e-05
6255.32958984375	2.4334743605119054e-05
6255.52978515625	2.1125910065694006e-05
6255.72998046875	2.4602495118415267e-05
6255.93017578125	2.540492318971851e-05
6256.1298828125	2.754447212353225e-05
6256.330078125	2.9951477088280145e-05
6256.5302734375	3.0486532000920482e-05
6256.72998046875	2.9951885989822772e-05
6256.93017578125	2.808008424118769e-05
6257.13037109375	2.9952295367617077e-05
6257.33056640625	2.5941002555295982e-05
6257.5302734375	3.075500795415802e-05
6257.73046875	3.342958695774513e-05
6257.9306640625	3.0755428250150436e-05
6258.13037109375	3.209283746265254e-05
6258.33056640625	3.7174455234545264e-05
6258.53076171875	3.102350253329347e-05
6258.73095703125	3.690752108606959e-05
6258.9306640625	3.503563628927478e-05
6259.130859375	3.824527410529584e-05
6259.3310546875	3.5571018366585856e-05
6259.53076171875	4.0652869436091064e-05
6259.73095703125	4.1990423868634266e-05
6259.93115234375	4.279308220969991e-05
6260.0	4.1594528513107365e-05
6260.130859375	3.931640763983631e-05
6260.3310546875	4.0653970863008245e-05
6260.53125	4.386378993047872e-05
6260.7314453125	4.43990125960549e-05
6260.93115234375	4.09222536884632e-05
6261.13134765625	4.413214312002175e-05
6261.33154296875	4.8144476491958085e-05
6261.53173828125	4.760985605552712e-05
6261.7314453125	5.108732314090609e-05
6261.931640625	5.001776092044032e-05
6262.1318359375	5.1088007720539685e-05
6262.33154296875	5.3495653139699736e-05
6262.53173828125	5.242608553031507e-05
6262.73193359375	5.429881257765343e-05
6262.93212890625	5.162434403326384e-05
6263.1318359375	5.42995391748307e-05
6263.33203125	5.510236579982991e-05
6263.5322265625	5.242784064488188e-05
6263.73193359375	6.12553885760033e-05
6263.93212890625	5.938335195062054e-05
6264.13232421875	6.633859785417548e-05
6264.33251953125	5.884915421316987e-05
6264.5322265625	6.580449683767939e-05
6264.732421875	6.205994345563017e-05
6264.9326171875	6.714288384857692e-05
6265.13232421875	6.152576612516928e-05
6265.33251953125	6.553875288126514e-05
6265.53271484375	6.90167787095279e-05
6265.732421875	7.08898076045137e-05
6265.9326171875	7.356538303029293e-05
6266.1328125	7.731104504106317e-05
6266.3330078125	7.436890329217714e-05
6266.53271484375	7.838213579028763e-05
6266.73291015625	8.079033132865687e-05
6266.93310546875	8.480366171733436e-05
6267.1328125	8.854952272306811e-05
6267.3330078125	8.453727223257008e-05
6267.533203125	8.560793896892324e-05
6267.7333984375	8.721366579186846e-05
6267.93310546875	8.507401770367017e-05
6268.13330078125	8.213175885376176e-05
6268.33349609375	9.49738462409147e-05
6268.533203125	9.979007876877325e-05
6268.7333984375	9.631279563851569e-05
6268.93359375	9.711604513842969e-05
6269.13330078125	9.952454920138666e-05
6269.33349609375	0.00010113046308764492
6269.53369140625	0.00010621445064951702
6269.73388671875	0.00010862305719124976
6269.93359375	0.00011103170236810728
6270.0	0.00011094320138675676
6270.1337890625	0.00011076489450845259
6270.333984375	0.0001121033834827864
6270.53369140625	0.00011852536052653733
6270.73388671875	0.00011692084346765763
6270.93408203125	0.00011825938356786606
6271.13427734375	0.00012013308095821437
6271.333984375	0.00013137133870741877
6271.5341796875	0.00012575345029654198
6271.734375	0.00013297846449451
6271.93408203125	0.000134584734694827
6272.13427734375	0.00013966938174910814
6272.33447265625	0.00013779733521946451
6272.53466796875	0.00014288206304038025
6272.734375	0.00015305073331585995
6272.9345703125	0.0001538544558639508
6273.134765625	0.0001538554800299911
6273.33447265625	0.00016001077163236863
6273.53466796875	0.00016054699417491157
6273.73486328125	0.00016536449558678863
6273.9345703125	0.00016349251747405926
6274.134765625	0.00017660522525499847
6274.3349609375	0.00017767672753872925
6274.53515625	0.00017580481302897598
6274.73486328125	0.00018490400365424965
6274.93505859375	0.0001910598150597167
6275.13525390625	0.00019908885915583262
6275.3349609375	0.00019855500767694756
6275.53515625	0.00021086573625125305
6275.7353515625	0.00021274031095195548
6275.935546875	0.00021702334435623818
6276.13525390625	0.00022237677258199836
6276.33544921875	0.0002250543215066886
6276.53564453125	0.00023468958113882993
6276.73583984375	0.00023174747959701266
6276.935546875	0.00024218575135382357
6277.1357421875	0.0002502156687948983
6277.3359375	0.0002499497371090551
6277.53564453125	0.00025450082253119697
6277.73583984375	0.00025958722117664057
6277.93603515625	0.00026761748408970327
6278.13623046875	0.0002769859025483034
6278.3359375	0.000283143049665221
6278.5361328125	0.000283947785790473
6278.736328125	0.00029197842389775433
6278.93603515625	0.0002978681167043812
6279.13623046875	0.00030563130883886556
6279.33642578125	0.0003131269902986039
6279.5361328125	0.00032597537524173004
6279.736328125	0.000330527335125303
6279.9365234375	0.00033962911222268686
6280.0	0.0003437031210017032
6280.13671875	0.0003524779597499681
6280.33642578125	0.0003559595792520254
6280.53662109375	0.0003682733860485398
6280.73681640625	0.00036586705422510425
6280.9365234375	0.0003811251893046797
6281.13671875	0.000388086513836245
6281.3369140625	0.0004006685229441696
6281.537109375	0.00041485659732824444
6281.73681640625	0.00042128293981289806
6281.93701171875	0.0004266387604500413
6282.13720703125	0.0004475186822847999
6282.3369140625	0.0004592985052133094
6282.537109375	0.00046626066808163236
6282.7373046875	0.00047884377553824225
6282.93701171875	0.0004941036633688208
6283.13720703125	0.000502404497372176
6283.33740234375	0.0005149880598629174
6283.53759765625	0.0005273042036210779
6283.7373046875	0.0005449737879144967
6283.9375	0.0005551489239467465
6284.1376953125	0.0005736220021505406
6284.33740234375	0.0005894185361022702
6284.53759765625	0.0006041445826059858
6284.73779296875	0.0006244921136768536
6284.93798828125	0.0006402893059677875
6285.1376953125	0.0006467178879440943
6285.337890625	0.0006649246357187464
6285.5380859375	0.0006911620807965711
6285.73779296875	0.0007066925146396423
6285.93798828125	0.0007227584431662336
6286.13818359375	0.0007398954118594075
6286.33837890625	0.000767740231504767
6286.5380859375	0.0007915699791873627
6286.73828125	0.0008143293367986866
6286.9384765625	0.0008346796673548994
6287.13818359375	0.0008571719135356319
6287.33837890625	0.0008700272304851529
6287.53857421875	0.0008984093846060659
6287.73828125	0.0009375001500616575
6287.9384765625	0.0009589228565861134
6288.138671875	0.0009816843702824284
6288.3388671875	0.0010076586377504666
6288.53857421875	0.0010494282386589965
6288.73876953125	0.0010778127666524681
6288.93896484375	0.0011070008315943428
6289.138671875	0.0011329766594487419
6289.3388671875	0.0011677875510894995
6289.5390625	0.001188141959875933
6289.7392578125	0.0012325916123299217
6289.93896484375	0.0012711518683389275
6290.0	0.0012810308291047946
6290.13916015625	0.0013035394732562973
6290.33935546875	0.0013458254998157302
6290.5390625	0.0013808822937919634
6290.7392578125	0.0014218277944273044
6290.939453125	0.0014844572335950088
6291.13916015625	0.0015208499854971215
6291.33935546875	0.0015644697381689617
6291.53955078125	0.0015973808496466972
6291.73974609375	0.0016549193442235816
6291.93994140625	0.0017178106356622897
6292.1396484375	0.0017820389691570778
6292.33984375	0.0018264571513431098
6292.5400390625	0.0018778340073514934
6292.73974609375	0.0019425942264937159
6292.93994140625	0.0020025346340546493
6293.14013671875	0.002084155932998883
6293.33984375	0.0021336541295080154
6293.5400390625	0.0021970703771837987
6293.740234375	0.002253258524338334
6293.9404296875	0.002306768430952658
6294.14013671875	0.0024183607583479288
6294.34033203125	0.0024807004703644225
6294.54052734375	0.002563113689806477
6294.740234375	0.0026369599238357513
6294.9404296875	0.0027204405717432493
6295.140625	0.002830684602027383
6295.3408203125	0.002935840554469542
6295.54052734375	0.0030225267732233037
6295.74072265625	0.003101985217478121
6295.94091796875	0.0031937528334639626
6296.140625	0.0033071978509286483
6296.3408203125	0.0034685467074694297
6296.541015625	0.003581986078463283
6296.7412109375	0.0037069308744168785
6296.94091796875	0.0038182245454498258
6297.14111328125	0.003954404377653264
6297.34130859375	0.004120555154576024
6297.541015625	0.004257531762361673
6297.7412109375	0.004384603878415803
6297.94140625	0.004516490433449756
6298.14111328125	0.004651853626145595
6298.34130859375	0.004823071884207801
6298.54150390625	0.00503683711161801
6298.74169921875	0.005193865356156091
6298.94140625	0.005367214304130332
6299.1416015625	0.005535207605576255
6299.341796875	0.00573637866569058
6299.54150390625	0.006003639908855089
6299.74169921875	0.006229955390133286
6299.94189453125	0.006447969436270058
6300.0	0.0064949366326074644
6300.14208984375	0.006609867881535384
6300.341796875	0.006851808562442863
6300.5419921875	0.007142453033507098
6300.7421875	0.00746976152808136
6300.94189453125	0.007771920084818466
6301.14208984375	0.008039028309145792
6301.34228515625	0.008300252331416834
6301.5419921875	0.008647914052878108
6301.7421875	0.009054451887474892
6301.9423828125	0.009355827080621331
6302.142578125	0.009691728463799437
6302.34228515625	0.009998999881448518
6302.54248046875	0.01034775296974242
6302.74267578125	0.010797131539752754
6302.9423828125	0.011292277413217
6303.142578125	0.011694033875464038
6303.3427734375	0.01209980887213485
6303.54296875	0.012553491925372523
6303.74267578125	0.013112353585597853
6303.94287109375	0.013727689331486905
6304.14306640625	0.0142421424719047
6304.3427734375	0.014715121009390805
6304.54296875	0.015215401059782903
6304.7431640625	0.015832105170877978
6304.943359375	0.016686737150247592
6305.14306640625	0.01740274831176461
6305.34326171875	0.01808986491054303
6305.54345703125	0.018740324960449892
6305.7431640625	0.01954388011842914
6305.943359375	0.0204314808880987
6306.1435546875	0.021367004178523438
6306.34326171875	0.022171392227734062
6306.54345703125	0.023035208575016747
6306.74365234375	0.02380322054768747
6306.94384765625	0.024788032587745295
6307.1435546875	0.025944418107568777
6307.34375	0.027089576751180948
6307.5439453125	0.02811002710891748
6307.744140625	0.02911228915555954
6307.94384765625	0.030382216730508997
6308.14404296875	0.0319273095329989
6308.34423828125	0.03331450478289225
6308.5439453125	0.03451623193782323
6308.744140625	0.03575571199892231
6308.9443359375	0.037058110994287366
6309.14453125	0.038718658933145696
6309.34423828125	0.04082461883325519
6309.54443359375	0.042431411703066337
6309.74462890625	0.04413030312147161
6309.9443359375	0.04577139690180446
6310.0	0.04632378803088121
6310.14453125	0.0477580716590862
6310.3447265625	0.049988087809585094
6310.544921875	0.05201282006863994
6310.74462890625	0.053852351054671954
6310.94482421875	0.055853847911745205
6311.14501953125	0.057812812247049004
6311.3447265625	0.06023354360687961
6311.544921875	0.06277423372139894
6311.7451171875	0.06506681128542818
6311.94482421875	0.06737413963147897
6312.14501953125	0.06965071309141077
6312.34521484375	0.07243859905783143
6312.54541015625	0.07566982743957146
6312.7451171875	0.0780356330146953
6312.9453125	0.08068817048881133
6313.1455078125	0.08301228949194543
6313.34521484375	0.08585736478681763
6313.54541015625	0.08934362252048676
6313.74560546875	0.09301945195791358
6313.94580078125	0.09576373831436248
6314.1455078125	0.09874576042703515
6314.345703125	0.10188150000881743
6314.5458984375	0.10517896060064805
6314.74560546875	0.10895032058745825
6314.94580078125	0.1118827066284969
6315.14599609375	0.11488341507571473
6315.345703125	0.11770665544177432
6315.5458984375	0.12085252879991089
6315.74609375	0.1243309516644523
6315.9462890625	0.12752187924128996
6316.14599609375	0.13077282590023653
6316.34619140625	0.13366479051822078
6316.54638671875	0.13658062202930504
6316.74609375	0.13991308288886842
6316.9462890625	0.1433930845826149
6317.146484375	0.14594598451047708
6317.3466796875	0.14876024609253202
6317.54638671875	0.1509343625558066
6317.74658203125	0.1538683545200248
6317.94677734375	0.1572069430646685
6318.146484375	0.1599543961397521
6318.3466796875	0.16226170929589306
6318.546875	0.16453212060987324
6318.7470703125	0.16699345340267147
6318.94677734375	0.16974210222163838
6319.14697265625	0.1717652038289856
6319.34716796875	0.17373289086317434
6319.546875	0.17547222934832024
6319.7470703125	0.17708679995709134
6319.947265625	0.17890865287552155
6320.0	0.1794356910129206
6320.14697265625	0.18090456656317036
6320.34716796875	0.18229267309060798
6320.54736328125	0.18372550563235743
6320.74755859375	0.18508741327256487
6320.947265625	0.1864378238902571
6321.1474609375	0.1877539571240979
6321.34765625	0.18867865491967434
6321.54736328125	0.18983472132765364
6321.74755859375	0.19057656204654794
6321.94775390625	0.19122388570120966
6322.14794921875	0.19209962353702736
6322.34765625	0.19314915989533582
6322.5478515625	0.19373543687094374
6322.748046875	0.19418491490849887
6322.9482421875	0.19494929311610992
6323.14794921875	0.1954073518400274
6323.34814453125	0.19590664947909694
6323.54833984375	0.1962495511419454
6323.748046875	0.19653891656288452
6323.9482421875	0.1968631126254178
6324.1484375	0.19698590647451256
6324.3486328125	0.19729426918426118
6324.54833984375	0.19742433338587304
6324.74853515625	0.19768531696153208
6324.94873046875	0.19772511315534624
6325.1484375	0.19795933728894852
6325.3486328125	0.19803100270595142
6325.548828125	0.19812488310827203
6325.74853515625	0.1982027179595066
6325.94873046875	0.19828616952264574
6326.14892578125	0.1982654469401249
6326.34912109375	0.1984038110483979
6326.548828125	0.19845003463699934
6326.7490234375	0.19847029357778612
6326.94921875	0.19847046781744815
6327.14892578125	0.19842857539569156
6327.34912109375	0.19855489009217078
6327.54931640625	0.19868548373052985
6327.74951171875	0.19857451311975763
6327.94921875	0.1986751123432072
6328.1494140625	0.1987912365216396
6328.349609375	0.19875283011290146
6328.54931640625	0.19876960565043814
6328.74951171875	0.19885441986617322
6328.94970703125	0.19909965378129021
6329.14990234375	0.199057782052086
6329.349609375	0.19926818719622896
6329.5498046875	0.19944031856565672
6329.75	0.1994112811529726
6329.94970703125	0.1996918776363767
6330.0	0.19972159713798848
6330.14990234375	0.1998076118721882
6330.35009765625	0.19996852251017658
6330.5498046875	0.20003252057417387
6330.75	0.20019477757838675
6330.9501953125	0.20040658594912172
6331.150390625	0.20061972521848961
6331.35009765625	0.20074395195973224
6331.55029296875	0.20112741722561958
6331.75048828125	0.20120366643461038
6331.9501953125	0.2015140206120136
6332.150390625	0.20183318750502968
6332.3505859375	0.2019809381607684
6332.55078125	0.20234724281565916
6332.75048828125	0.20243046126806127
6332.95068359375	0.2028149429298962
6333.15087890625	0.20317451472404174
6333.3505859375	0.203449203955995
6333.55078125	0.2038446327216217
6333.7509765625	0.20420766344345057
6333.95068359375	0.204568798253019
6334.15087890625	0.2049527065354072
6334.35107421875	0.20542443986699202
6334.55126953125	0.20572183293200655
6334.7509765625	0.2060242959663694
6334.951171875	0.206268919823838
6335.1513671875	0.20681531346471174
6335.35107421875	0.2071849780985822
6335.55126953125	0.2075771099472386
6335.75146484375	0.2081073964307933
6335.95166015625	0.20841038195178
6336.1513671875	0.20886060320036817
6336.3515625	0.20946984197734358
6336.5517578125	0.2098822767992338
6336.75146484375	0.2102218948635371
6336.95166015625	0.21062038519863518
6337.15185546875	0.21106654578247985
6337.35205078125	0.21162084791847224
6337.5517578125	0.2120768803381291
6337.751953125	0.21249782755687036
6337.9521484375	0.21292197657057804
6338.15234375	0.21345294464155135
6338.35205078125	0.21397777182770775
6338.55224609375	0.21442169735588656
6338.75244140625	0.2148479694186301
6338.9521484375	0.2152359089510832
6339.15234375	0.21562976589466357
6339.3525390625	0.2160353929998864
6339.55224609375	0.21651675940398366
6339.75244140625	0.2172802734325298
6339.95263671875	0.21778542018262348
6340.0	0.21784002097404156
6340.15283203125	0.21801904242222694
6340.3525390625	0.218456973233277
6340.552734375	0.21903358694704736
6340.7529296875	0.21956951425102691
6340.95263671875	0.21992742700946882
6341.15283203125	0.2204936161988281
6341.35302734375	0.22074605508143907
6341.55322265625	0.22131548388734423
6341.7529296875	0.22176175081419577
6341.953125	0.22229664930985527
6342.1533203125	0.22281041241026822
6342.35302734375	0.22314586574673448
6342.55322265625	0.22362000925673953
6342.75341796875	0.22402319422587078
6342.95361328125	0.22453992080527505
6343.1533203125	0.22476214246201812
6343.353515625	0.22509522105142032
6343.5537109375	0.22556966100502124
6343.75341796875	0.22584195294880713
6343.95361328125	0.22646820695005096
6344.15380859375	0.22671723825028622
6344.353515625	0.22723800504894742
6344.5537109375	0.2275941468803693
6344.75390625	0.22798828712996444
6344.9541015625	0.2283015926787921
6345.15380859375	0.2288116659973399
6345.35400390625	0.22892283693035803
6345.55419921875	0.22933894996731388
6345.75390625	0.22957462075046897
6345.9541015625	0.2301005038000209
6346.154296875	0.23023042939438676
6346.3544921875	0.23052180566170044
6346.55419921875	0.23096819236946545
6346.75439453125	0.23127188145477623
6346.95458984375	0.23160129969095128
6347.154296875	0.23187661339324828
6347.3544921875	0.23214388817067094
6347.5546875	0.23242216983066372
6347.75439453125	0.2325646876602109
6347.95458984375	0.23285982738870897
6348.15478515625	0.2331287540082282
6348.35498046875	0.233361240627589
6348.5546875	0.23365667429478934
6348.7548828125	0.23381605977461903
6348.955078125	0.2339711874578557
6349.15478515625	0.2343142812020945
6349.35498046875	0.23453474638065205
6349.55517578125	0.23479911329023412
6349.75537109375	0.23490899879350416
6349.955078125	0.2347976934613405
6350.0	0.23483244427768676
6350.1552734375	0.23495253929858081
6350.35546875	0.23526401455405804
6350.55517578125	0.23553588329193842
6350.75537109375	0.23572793611859588
6350.95556640625	0.23570817794343213
6351.15576171875	0.23602985834310058
6351.35546875	0.23615847062471046
6351.5556640625	0.23616227974691797
6351.755859375	0.23630186893091248
6351.95556640625	0.23635630583503087
6352.15576171875	0.23638501721109745
6352.35595703125	0.23668260595647253
6352.5556640625	0.23674105245903287
6352.755859375	0.23675962321140898
6352.9560546875	0.236772530779343
6353.15625	0.23690918739752084
6353.35595703125	0.23688623545348408
6353.55615234375	0.23676335644899987
6353.75634765625	0.23691102099937414
6353.95654296875	0.23704042876673248
6354.15625	0.23694998764802105
6354.3564453125	0.23707860246725684
6354.556640625	0.23702779218359815
6354.75634765625	0.23700081580966836
6354.95654296875	0.23691465283110333
6355.15673828125	0.23714290085534387
6355.35693359375	0.236981756335236
6355.556640625	0.2370495921432053
6355.7568359375	0.23685924679339654
6355.95703125	0.2367762924102666
6356.15673828125	0.23679670358081417
6356.35693359375	0.23681285775501554
6356.55712890625	0.23680755668311645
6356.75732421875	0.23661399148924103
6356.95703125	0.23654764949315876
6357.1572265625	0.23641031502693505
6357.357421875	0.23629896601027187
6357.55712890625	0.23637402078578149
6357.75732421875	0.23606770496841578
6357.95751953125	0.23605918625909117
6358.1572265625	0.23598399526481406
6358.357421875	0.23592672944614906
6358.5576171875	0.23566565005976278
6358.7578125	0.23558589334115682
6358.95751953125	0.23535052311873855
6359.15771484375	0.235133651476511
6359.35791015625	0.23516531841593358
6359.5576171875	0.2349717060784764
6359.7578125	0.2347746284581873
6359.9580078125	0.2345962836189966
6360.0	0.23453679930117213
6360.158203125	0.23431267052998583
6360.35791015625	0.23424304748456565
6360.55810546875	0.2339682661809531
6360.75830078125	0.23380462718313688
6360.9580078125	0.23353061451505938
6361.158203125	0.23336778259686836
6361.3583984375	0.23299682402846925
6361.55859375	0.23279298069479443
6361.75830078125	0.23274211552916454
6361.95849609375	0.23244932159448717
6362.15869140625	0.23210033191666798
6362.3583984375	0.23182174889214938
6362.55859375	0.23147593050869952
6362.7587890625	0.23130852963477197
6362.95849609375	0.2309937823185603
6363.15869140625	0.23063508392537754
6363.35888671875	0.23040311002024466
6363.55908203125	0.23012290377529343
6363.7587890625	0.22976928077137507
6363.958984375	0.2296310690134164
6364.1591796875	0.22921289255570132
6364.35888671875	0.22864656594473073
6364.55908203125	0.2283813582299201
6364.75927734375	0.2280735475961886
6364.95947265625	0.22789458187860623
6365.1591796875	0.22747128922019033
6365.359375	0.2270943666232634
6365.5595703125	0.2264744173769148
6365.75927734375	0.2261154247541973
6365.95947265625	0.22592624420797053
6366.15966796875	0.22540303111271284
6366.359375	0.22478361226485297
6366.5595703125	0.22441520119963823
6366.759765625	0.2239342847368479
6366.9599609375	0.22353263133009701
6367.15966796875	0.22314681709179746
6367.35986328125	0.22248074179501584
6367.56005859375	0.22205928481706494
6367.759765625	0.22153948838507062
6367.9599609375	0.22085142201231894
6368.16015625	0.2203511670253043
6368.3603515625	0.21994308283208092
6368.56005859375	0.21932090280738245
6368.76025390625	0.2184790311324695
6368.96044921875	0.21806100056271605
6369.16015625	0.2173420869466344
6369.3603515625	0.21695379588654756
6369.560546875	0.21629217419834923
6369.7607421875	0.2154602054811933
6369.96044921875	0.21467401001398623
6370.0	0.21452170539428106
6370.16064453125	0.21390012338278247
6370.36083984375	0.21336476631415607
6370.56103515625	0.21244335571379225
6370.7607421875	0.2116572776964018
6370.9609375	0.21070079589382654
6371.1611328125	0.20986626044058998
6371.36083984375	0.2091233824426774
6371.56103515625	0.20837405487650407
6371.76123046875	0.20761537490383808
6371.9609375	0.20649184010805471
6372.1611328125	0.2053804001408003
6372.361328125	0.20436433347664243
6372.5615234375	0.20342973560787245
6372.76123046875	0.2021897805029026
6372.96142578125	0.2013002458948751
6373.16162109375	0.19987225444290488
6373.361328125	0.1987116763056696
6373.5615234375	0.19757252771247294
6373.76171875	0.1965103131915451
6373.9619140625	0.19508512992061125
6374.16162109375	0.19374625901579934
6374.36181640625	0.19239990522764128
6374.56201171875	0.19100670881524154
6374.76171875	0.18973835740779915
6374.9619140625	0.1882013767097875
6375.162109375	0.18636255513196073
6375.3623046875	0.18507877237166367
6375.56201171875	0.18357003831420207
6375.76220703125	0.18212320129281623
6375.96240234375	0.1804731099491085
6376.162109375	0.17892293681801857
6376.3623046875	0.1769547482883838
6376.5625	0.17494024396868013
6376.76220703125	0.17325333804218082
6376.96240234375	0.17149469450262578
6377.16259765625	0.16934080446595706
6377.36279296875	0.16727744904595523
6377.5625	0.16493939529225188
6377.7626953125	0.1631779851201824
6377.962890625	0.16136038489969304
6378.16259765625	0.15947747173388702
6378.36279296875	0.15713235644263104
6378.56298828125	0.15448767521193518
6378.76318359375	0.1524825047340386
6378.962890625	0.15023798827748494
6379.1630859375	0.1482725883622497
6379.36328125	0.1458500906417947
6379.56298828125	0.14305650912529366
6379.76318359375	0.14090993212961553
6379.96337890625	0.13888632405103293
6380.0	0.1385033724778673
6380.1630859375	0.13679987498289073
6380.36328125	0.13449904822540326
6380.5634765625	0.13226328692103215
6380.763671875	0.12908515913581148
6380.96337890625	0.12678078398837603
6381.16357421875	0.12453690432877877
6381.36376953125	0.12202441408917236
6381.5634765625	0.11909680818666546
6381.763671875	0.11636895619517525
6381.9638671875	0.11406873368795549
6382.1640625	0.11181320018723456
6382.36376953125	0.1096535107150095
6382.56396484375	0.10719815538919863
6382.76416015625	0.10423637419702564
6382.9638671875	0.10148772256965449
6383.1640625	0.09929258782720302
6383.3642578125	0.09705751394523358
6383.564453125	0.09456131947685925
6383.76416015625	0.09208330388794161
6383.96435546875	0.08962213442014165
6384.16455078125	0.08753345839090192
6384.3642578125	0.0856573975525223
6384.564453125	0.08368730883530398
6384.7646484375	0.08149171586132001
6384.96484375	0.07914717652907013
6385.16455078125	0.07675227039689186
6385.36474609375	0.07476093816248185
6385.56494140625	0.0729144760100766
6385.76513671875	0.07081115493154952
6385.96484375	0.06847748428017765
6386.1650390625	0.06632482662136907
6386.365234375	0.06451657172948444
6386.56494140625	0.06291050388590798
6386.76513671875	0.06119917012144839
6386.96533203125	0.059432905849314314
6387.1650390625	0.05713230131661238
6387.365234375	0.0552958277852875
6387.5654296875	0.05380376351896956
6387.765625	0.05218606520821653
6387.96533203125	0.05041167003776358
6388.16552734375	0.048855814509378495
6388.36572265625	0.04728225573993192
6388.5654296875	0.04586028303290445
6388.765625	0.04463890494116712
6388.9658203125	0.04340010601295878
6389.166015625	0.04205522999755275
6389.36572265625	0.04046578824466862
6389.56591796875	0.03917150173268231
6389.76611328125	0.03802424463994706
6389.9658203125	0.036980905279708064
6390.0	0.036760060709701274
6390.166015625	0.035687377462625916
6390.3662109375	0.03412491177632489
6390.56591796875	0.033160009675088996
6390.76611328125	0.03215545787592869
6390.96630859375	0.03128026917854565
6391.16650390625	0.03028265881114642
6391.3662109375	0.029173338750337757
6391.56640625	0.027997042569359913
6391.7666015625	0.027134938632501358
6391.96630859375	0.026303095809490327
6392.16650390625	0.025428916569257557
6392.36669921875	0.024546427138055195
6392.56689453125	0.02369366042888789
6392.7666015625	0.022940800476685612
6392.966796875	0.0222082927305246
6393.1669921875	0.021671054436311444
6393.36669921875	0.020972285005332113
6393.56689453125	0.020209482615047313
6393.76708984375	0.01947051394360491
6393.96728515625	0.01888128234166685
6394.1669921875	0.018322583062999387
6394.3671875	0.01778369976314887
6394.5673828125	0.01708944126455703
6394.76708984375	0.016409368784004546
6394.96728515625	0.01596181673264311
6395.16748046875	0.015525779631693725
6395.3671875	0.015028927275532766
6395.5673828125	0.014538229770692565
6395.767578125	0.013972785019425758
6395.9677734375	0.013476183820767573
6396.16748046875	0.013045746599578285
6396.36767578125	0.01268120947252723
6396.56787109375	0.012252906009296134
6396.767578125	0.011799685219801924
6396.9677734375	0.011416380912205107
6397.16796875	0.011120408395229462
6397.3681640625	0.01080246459714168
6397.56787109375	0.010505683136331687
6397.76806640625	0.010193896138786768
6397.96826171875	0.009816466837261178
6398.16796875	0.009490472282058598
6398.3681640625	0.009215645070058176
6398.568359375	0.008948316811439223
6398.76806640625	0.008656338573134435
6398.96826171875	0.008357121142422966
6399.16845703125	0.00806433170882711
6399.36865234375	0.007830750313332985
6399.568359375	0.00761699138077122
6399.7685546875	0.00740885660221415
6399.96875	0.007156780860068719
6400.0	0.007116539351808694
6400.16845703125	0.006899610755203248
6400.36865234375	0.0066823584946853155
6400.56884765625	0.006482787834937769
6400.76904296875	0.006298218734373837
6400.96875	0.006101590040856429
6401.1689453125	0.005865306417574351
6401.369140625	0.005717705983883846
6401.5693359375	0.005558582735930855
6401.76904296875	0.005416873683709079
6401.96923828125	0.005271412424139993
6402.16943359375	0.005112552264338167
6402.369140625	0.004925288612817454
6402.5693359375	0.0047870566344944705
6402.76953125	0.0046635596688446
6402.9697265625	0.004534970542796502
6403.16943359375	0.004386284485945262
6403.36962890625	0.004235453455073314
6403.56982421875	0.004124544797025413
6403.76953125	0.004006132210155846
6403.9697265625	0.003923088364873816
6404.169921875	0.003795563233373459
6404.36962890625	0.003646600000082797
6404.56982421875	0.003551227008819843
6404.77001953125	0.00343495209269206
6404.97021484375	0.0033489551771288843
6405.169921875	0.003270996570651778
6405.3701171875	0.003158469696088346
6405.5703125	0.0030526409092450192
6405.77001953125	0.002974679231017963
6405.97021484375	0.0029004684658486017
6406.17041015625	0.0028412630025579843
6406.37060546875	0.0027694621224844946
6406.5703125	0.002668987788971803
6406.7705078125	0.0025961134109164126
6406.970703125	0.002536369031277953
6407.17041015625	0.0024709965205916428
6407.37060546875	0.002398655987018687
6407.57080078125	0.002316399510753317
6407.77099609375	0.0022566526459949737
6407.970703125	0.0021977088145437914
6408.1708984375	0.0021398359865569313
6408.37109375	0.002097238466492743
6408.57080078125	0.00204365236222718
6408.77099609375	0.0019635354160434785
6408.97119140625	0.0019043204609378922
6409.1708984375	0.001872171778415602
6409.37109375	0.0018086679895052608
6409.5712890625	0.001767138734985262
6409.771484375	0.0017183731920172888
6409.97119140625	0.001666659543675753
6410.0	0.001660876030116172
6410.17138671875	0.0016264447736962888
6410.37158203125	0.0015945345760578905
6410.5712890625	0.0015626251884654804
6410.771484375	0.001508741945618993
6410.9716796875	0.0014741545389229803
6411.171875	0.0014323324448590356
6411.37158203125	0.001391315594791815
6411.57177734375	0.001361018095467989
6411.77197265625	0.001330185817790949
6411.9716796875	0.0012894394112912045
6412.171875	0.0012653075275611495
6412.3720703125	0.0012334054769224869
6412.57177734375	0.001207667252851888
6412.77197265625	0.0011698717045206116
6412.97216796875	0.0011379719440206776
6413.17236328125	0.0011017859033217478
6413.3720703125	0.0010865000128578754
6413.572265625	0.0010556742162807916
6413.7724609375	0.001031279462097037
6413.97216796875	0.000985986756830994
6414.17236328125	0.0009733822713496897
6414.37255859375	0.0009519366399543717
6414.57275390625	0.0009350461793842337
6414.7724609375	0.0009186919550334925
6414.97265625	0.0008841198397584887
6415.1728515625	0.0008672307332169541
6415.37255859375	0.0008364109155696949
6415.57275390625	0.0008262204162522539
6415.77294921875	0.0008125475090354524
6415.97314453125	0.0007870873539476777
6416.1728515625	0.000775290490691404
6416.373046875	0.0007460809234116953
6416.5732421875	0.0007372315501466939
6416.7734375	0.0007168633152833978
6416.97314453125	0.0007015854563238307
6417.17333984375	0.0006769321208198165
6417.37353515625	0.0006616550204963042
6417.5732421875	0.0006477176578205947
6417.7734375	0.0006364593483254566
6417.9736328125	0.0006182367922474808
6418.173828125	0.0006072468880702146
6418.37353515625	0.000591435868504434
6418.57373046875	0.0005783037541275495
6418.77392578125	0.0005667791145321786
6418.9736328125	0.0005469513634797415
6419.173828125	0.0005434627504379238
6419.3740234375	0.0005279212552398537
6419.57373046875	0.0005121122901555704
6419.77392578125	0.0005046066946387826
6419.97412109375	0.0004893340108161153
6420.0	0.0004882599583116198
6420.17431640625	0.0004810325161302528
6420.3740234375	0.0004663038496666657
6420.57421875	0.0004571997009622458
6420.7744140625	0.000451041683483191
6420.97412109375	0.00044541928140393765
6421.17431640625	0.00043631485870531083
6421.37451171875	0.00042560328155009616
6421.57470703125	0.0004151594920748733
6421.7744140625	0.00040257278765258543
6421.974609375	0.00039694997511674447
6422.1748046875	0.0003918628378449229
6422.37451171875	0.0003741866841518492
6422.57470703125	0.00036802797461764824
6422.77490234375	0.0003543692793087933
6422.974609375	0.0003570496228862093
6423.1748046875	0.0003460692956498619
6423.375	0.00033428533645192234
6423.5751953125	0.00033562628141215606
6423.77490234375	0.0003166099796586478
6423.97509765625	0.0003158079594299939
6424.17529296875	0.00030589860245409733
6424.375	0.0003069715809866201
6424.5751953125	0.00030108007665039324
6424.775390625	0.00029197414709506326
6424.9755859375	0.0002914399010144313
6425.17529296875	0.0002836731588058239
6425.37548828125	0.0002769777920231772
6425.57568359375	0.0002681394157366025
6425.775390625	0.00026412266725436725
6425.9755859375	0.0002560877459878599
6426.17578125	0.0002518030244766909
6426.3759765625	0.00024912549091494574
6426.57568359375	0.00024055464724235327
6426.77587890625	0.00024216312675660732
6426.97607421875	0.00023546730186210693
6427.17578125	0.00022877140733898726
6427.3759765625	0.00022609370840673897
6427.576171875	0.0002191298343124351
6427.77587890625	0.00021752360440668462
6427.97607421875	0.00021109539405421193
6428.17626953125	0.00020198820992543327
6428.37646484375	0.00020145345212763512
6428.576171875	0.00019556084693401495
6428.7763671875	0.00019422235520729766
6428.9765625	0.0001851149217756343
6429.17626953125	0.00018833057746443254
6429.37646484375	0.000183777261749518
6429.57666015625	0.00018056341037107324
6429.77685546875	0.00017333101059479125
6429.9765625	0.00017226028350745103
6430.0	0.00017191537917898446
6430.1767578125	0.00016931366497567328
6430.376953125	0.00016529535617366476
6430.57666015625	0.00015511529540114446
6430.77685546875	0.00015431180787373765
6430.97705078125	0.00015243668887707335
6431.1767578125	0.00015859865442712875
6431.376953125	0.0001508296501765068
6431.5771484375	0.00014198904142086603
6431.77734375	0.00014466825800789926
6431.9775390625	0.0001363634111850228
6432.17724609375	0.00013877472158657108
6432.37744140625	0.00013529214709778498
6432.57763671875	0.0001264514430165603
6432.77734375	0.00013261343901071814
6432.9775390625	0.00012243317448381251
6433.177734375	0.0001243086933028649
6433.37744140625	0.00012404094894098575
6433.57763671875	0.0001235052882039166
6433.77783203125	0.00011761147990737257
6433.97802734375	0.0001208265362801406
6434.177734375	0.00011600434388157877
6434.3779296875	0.00011654031465026359
6434.578125	0.00010528828360384042
6434.77783203125	0.00010823543031729725
6434.97802734375	0.0001036811065742925
6435.17822265625	0.0001039491450083429
6435.37841796875	9.832316810717667e-05
6435.578125	9.61799981853538e-05
6435.7783203125	8.841071137543556e-05
6435.978515625	9.725189851077137e-05
6436.17822265625	9.56445598990692e-05
6436.37841796875	9.082226495676155e-05
6436.57861328125	9.216194101113791e-05
6436.77880859375	8.600007005924576e-05
6436.978515625	9.055471627014719e-05
6437.1787109375	9.001899843986618e-05
6437.37890625	8.41250066075218e-05
6437.57861328125	7.742725465092543e-05
6437.77880859375	8.466105696497697e-05
6437.97900390625	8.010661244661231e-05
6438.1787109375	7.849921364148922e-05
6438.37890625	7.340891669717657e-05
6438.5791015625	7.555235345176346e-05
6438.779296875	7.448077638894549e-05
6438.97900390625	7.04621229599294e-05
6439.17919921875	7.287348181433519e-05
6439.37939453125	6.48360424836453e-05
6439.5791015625	7.180199886599026e-05
6439.779296875	7.153416577795774e-05
6439.9794921875	7.31417732784901e-05
6440.0	7.190674374017363e-05
6440.1796875	6.108551137631563e-05
6440.37939453125	6.403269506787047e-05
6440.57958984375	5.947813534024616e-05
6440.77978515625	6.296116889611664e-05
6440.9794921875	6.188955634771756e-05
6441.1796875	6.564051767117776e-05
6441.3798828125	6.13538595575537e-05
6441.57958984375	5.3316302129334615e-05
6441.77978515625	6.242569108628055e-05
6441.97998046875	5.2244738869781666e-05
6442.18017578125	5.787116402491586e-05
6442.3798828125	5.4924085305864116e-05
6442.580078125	6.108637299930704e-05
6442.7802734375	5.144121815935841e-05
6442.97998046875	5.1977121765170254e-05
6443.18017578125	5.1173414780255816e-05
6443.38037109375	5.117347485421786e-05
6443.58056640625	4.5815049626852826e-05
6443.7802734375	4.661887409927559e-05
6443.98046875	4.8494401798056707e-05
6444.1806640625	4.6886909089133065e-05
6444.38037109375	5.0102066873056086e-05
6444.58056640625	4.715494515283905e-05
6444.78076171875	4.474366963301915e-05
6444.98095703125	4.742298255850867e-05
6445.1806640625	4.447584304313897e-05
6445.380859375	4.260040262555868e-05
6445.5810546875	4.420802353862692e-05
6445.78076171875	3.884951672709773e-05
6445.98095703125	3.697406723609039e-05
6446.18115234375	3.6974110507420254e-05
6446.380859375	4.179686864087019e-05
6446.5810546875	3.456283454205878e-05
6446.78125	3.64383848974606e-05
6446.9814453125	3.402705949045337e-05
6447.18115234375	3.617053554726296e-05
6447.38134765625	4.01895332076683e-05
6447.58154296875	3.322338173114284e-05
6447.78173828125	3.4831010171566584e-05
6447.9814453125	3.429518554484846e-05
6448.181640625	3.751040615342378e-05
6448.3818359375	3.322353683837215e-05
6448.58154296875	3.5367037669581466e-05
6448.78173828125	3.2955685600083906e-05
6448.98193359375	3.4831253933430855e-05
6449.18212890625	3.027643420441424e-05
6449.3818359375	3.295580082949614e-05
6449.58203125	3.1080304878185944e-05
6449.7822265625	3.0812406723159434e-05
6450.0	3.0674244150272216e-05
6460.0	2.4308511600080403e-05
6470.0	1.796822475858879e-05
6480.0	1.1627313638179708e-05
6490.0	5.285963124293021e-06
6491.79345703125	4.148001357885264e-06
6500.0	2.6532132695521037e-06
6501.7958984375	2.3260540918605326e-06
6510.0	1.5538996767332393e-06
6511.798828125	1.3848672796237522e-06
6520.0	9.721038489803656e-07
6521.80126953125	8.81455700695577e-07
6530.0	6.331538588198305e-07
6531.80419921875	5.787379639012908e-07
6540.0	4.3841914231808437e-07
6541.806640625	4.07538349739172e-07
6550.0	3.1408188869313043e-07
6551.8095703125	2.934750848877147e-07
6560.0	2.3788956833691259e-07
6561.81201171875	2.255770292894186e-07
6570.0	1.8602737929311263e-07
6571.81494140625	1.773102011407682e-07
6580.0	1.501718984871079e-07
6581.8173828125	1.4415602883452199e-07
6590.0	1.2369103254475775e-07
6591.8203125	1.191272189268318e-07
6600.0	1.0523414275342202e-07
6601.82275390625	1.0216189922879395e-07
6610.0	9.052309095841683e-08
6611.82568359375	8.792890214643374e-08
6620.0	8.179513165884098e-08
6621.828125	8.042566062097377e-08
6630.0	7.795794641041709e-08
6631.8310546875	7.738818640688697e-08
6640.0	7.833102303225861e-08
6641.83349609375	7.855421549609387e-08
6650.0	6.875754283114377e-08
6651.83642578125	6.65590761849209e-08
6660.0	6.843028316578475e-08
6661.8388671875	6.883984734403618e-08
6670.0	6.670150464342847e-08
6671.841796875	6.623075337259293e-08
6680.0	5.920411434840563e-08
6681.84423828125	5.7619018560414554e-08
6690.0	6.238843046005067e-08
6691.84716796875	6.345616496740322e-08
6700.0	6.41896992028917e-08
6701.849609375	6.43657726303102e-08
6710.0	6.18003491050469e-08
6711.8525390625	6.121844800303898e-08
6720.0	5.867075437302896e-08
6721.85498046875	5.808258730224281e-08
6730.0	5.832600476642197e-08
6731.85791015625	5.839060700807876e-08
6740.0	6.688670991934284e-08
6741.8603515625	6.882365854728649e-08
6750.0	6.621099087639562e-08
6751.86328125	6.560358869264561e-08
6760.0	6.717131632475953e-08
6761.86572265625	6.754049086739858e-08
6770.0	7.176587495545105e-08
6771.86865234375	7.273435296560795e-08
6780.0	7.378377538315522e-08
6781.87109375	7.401267955824416e-08
6790.0	6.584847506809769e-08
6791.8740234375	6.398231866546775e-08
6800.0	6.673390789221533e-08
6801.87646484375	6.736789613535656e-08
6810.0	6.930725079524e-08
6811.87939453125	6.974356971400475e-08
6820.0	6.79916132344303e-08
6821.88232421875	6.759769259148889e-08
6830.0	7.663112732608269e-08
6831.884765625	7.872729449606358e-08
6840.0	7.630168720040985e-08
6841.8876953125	7.572616957451835e-08
6850.0	8.258945036352684e-08
6851.89013671875	8.419774158374545e-08
6860.0	8.427116882306503e-08
6861.892578125	8.427436848194223e-08
6870.0	6.725433901626065e-08
6871.8955078125	6.32966828848424e-08
6880.0	6.979693273704935e-08
6881.8984375	7.131649647383792e-08
6890.0	6.57507166121268e-08
6891.90087890625	6.443677081464301e-08
6900.0	6.378113943850312e-08
6901.90380859375	6.363794999399494e-08
6910.0	5.4812086314156224e-08
6911.90625	5.273816764519326e-08
6920.0	4.903436824449396e-08
6921.9091796875	4.815447601474576e-08
6930.0	3.032712661253358e-08
6931.91162109375	2.6131303839452517e-08
6940.0	3.136129742869911e-08
6941.91455078125	3.259136082817772e-08
6950.0	2.9001288244272694e-08
6951.9169921875	2.8157194831399426e-08
6960.0	3.18154871472237e-08
6961.919921875	3.268272097170423e-08
6970.0	2.6616561483744763e-08
6971.92236328125	2.517200191839401e-08
6980.0	2.1384841212263963e-08
6981.92529296875	2.048815520815049e-08
6990.0	1.6081344125492746e-08
6991.927734375	1.5031338636583316e-08
7000.0	1.3537736907686929e-08
7001.9306640625	1.3176260319904194e-08
7010.0	2.0170645156546533e-08
7011.93310546875	2.1843317281894465e-08
7020.0	1.6794062470255925e-08
7021.93603515625	1.558332435473537e-08
7030.0	2.7912692572633505e-08
7031.9384765625	3.08679809368754e-08
7040.0	2.836585363066148e-08
7041.94140625	2.776530272043003e-08
7050.0	2.118634320660906e-08
7051.94384765625	1.9601448342750173e-08
7060.0	2.459456191933588e-08
7061.94677734375	2.5800325831918002e-08
7070.0	1.7822408613849015e-08
7071.94921875	1.5895278693967056e-08
7080.0	2.7729495419361226e-08
7081.9521484375	3.05919253919191e-08
7090.0	2.2336421089888368e-08
7091.95458984375	2.033475603039062e-08
7100.0	1.1816882633183172e-08
7101.95751953125	9.754931787043624e-09
7110.0	1.3774092497236538e-08
7111.9599609375	1.4750208889588384e-08
7120.0	1.2058427598329087e-08
7121.962890625	1.1401528425040764e-08
7130.0	1.277677430590413e-08
7131.96533203125	1.3113853712987527e-08
7140.0	1.4123752226851811e-08
7141.96826171875	1.436781514511999e-08
7150.0	1.4925157860472247e-08
7151.970703125	1.50638990297898e-08
7160.0	1.7109253037775968e-08
7161.9736328125	1.76072350170202e-08
7170.0	1.6205453972877023e-08
7171.97607421875	1.586452820963094e-08
7180.0	1.2245310536960484e-08
7181.97900390625	1.135571869867207e-08
7190.0	1.6678612158985982e-08
7191.98193359375	1.7986205037385505e-08
7200.0	1.68902207091367e-08
7201.984375	1.6623012101016742e-08
7210.0	1.5993297788433357e-08
7211.9873046875	1.5834934947310896e-08
7220.0	1.619890371403659e-08
7221.98974609375	1.6291711369179858e-08
7230.0	1.9749607996699836e-08
7231.99267578125	2.0601602613854455e-08
7240.0	1.794628621581772e-08
7241.9951171875	1.729078936666338e-08
7250.0	2.0250980602276382e-08
7251.998046875	2.098330970143651e-08
7260.0	2.283204125096616e-08
7262.00048828125	2.329609062596912e-08
7270.0	2.002918144760571e-08
7272.00341796875	1.9214131138015212e-08
7280.0	1.7300676849466105e-08
7282.005859375	1.6819545704819416e-08
7290.0	1.7240696185231568e-08
7292.0087890625	1.734904556837148e-08
7300.0	1.493199253400969e-08
7302.01123046875	1.432345723114907e-08
7310.0	1.9791898361689587e-08
7312.01416015625	2.1167822393404903e-08
7320.0	2.8541553775602763e-08
7322.0166015625	3.039097196919385e-08
7330.0	3.7006947427372394e-08
7332.01953125	3.8679444517827446e-08
7340.0	4.0629689032579856e-08
7342.02197265625	4.111452332892212e-08
7350.0	8.197083304659347e-08
7352.02490234375	9.230766723425595e-08
7360.0	1.865413090943608e-07
7362.02734375	2.1036589240002346e-07
7370.0	3.763646570811809e-07
7372.0302734375	4.1851032767651693e-07
7380.0	5.900717290237752e-07
7382.03271484375	6.335455048858809e-07
7390.0	8.039632968442304e-07
7392.03564453125	8.474487631426851e-07
7400.0	9.750595208659933e-07
7402.0380859375	1.0074062209636975e-06
7410.0	9.648375400617198e-07
7412.041015625	9.541470593465134e-07
7420.0	8.272411714541831e-07
7422.04345703125	7.946398155076413e-07
7430.0	6.516784405724125e-07
7432.04638671875	6.152598892168152e-07
7440.0	4.183850832566083e-07
7442.04931640625	3.677620996984895e-07
7450.0	2.9119702236220586e-07
7452.0517578125	2.715712683414755e-07
7460.0	2.7796990461373637e-07
7462.0546875	2.795669730695322e-07
7470.0	2.760426600428726e-07
7472.05712890625	2.751834593767388e-07
7480.0	2.98694311403312e-07
7482.06005859375	3.047158723970631e-07
7490.0	3.4411533560935064e-07
7492.0625	3.5437162911036415e-07
7500.0	4.3094951938419734e-07
7502.0654296875	4.506949124553784e-07
7510.0	5.822198173889864e-07
7512.06787109375	6.164536348829153e-07
7520.0	7.733461216852029e-07
7522.07080078125	8.140048841007578e-07
7530.0	1.0404880105233399e-06
7532.0732421875	1.099636383330077e-06
7540.0	1.300006021888956e-06
7542.076171875	1.3520417340728435e-06
7550.0	1.5514711101797837e-06
7552.07861328125	1.6038387824619951e-06
7560.0	1.6856002084814628e-06
7562.08154296875	1.7066851901255842e-06
7570.0	1.6879237551982183e-06
7572.083984375	1.6833165736006115e-06
7580.0	1.5611594852716588e-06
7582.0869140625	1.5287869499402085e-06
7590.0	1.3792354362402006e-06
7592.08984375	1.34016634903442e-06
7600.0	1.2301679613360597e-06
7602.09228515625	1.2009544212490272e-06
7610.0	1.2037493360275417e-06
7612.09521484375	1.2044826673149082e-06
7620.0	1.2764720643460708e-06
7622.09765625	1.295725750585334e-06
7630.0	1.3894464349042766e-06
7632.1005859375	1.413666342117816e-06
7640.0	1.4199539368380257e-06
7642.10302734375	1.4218785976923767e-06
7650.0	1.4026131127901107e-06
7652.10595703125	1.3972331276847016e-06
7660.0	1.3211517324024903e-06
7662.1083984375	1.3011880922382851e-06
7670.0	1.2690585942506385e-06
7672.111328125	1.2602622480573597e-06
7680.0	1.2672732942367313e-06
7682.11376953125	1.2693754293801331e-06
7690.0	1.327626247210971e-06
7692.11669921875	1.3429250680441607e-06
7700.0	1.4059122519633029e-06
7702.119140625	1.422739088883989e-06
7710.0	1.3760188680476667e-06
7712.1220703125	1.3637649809925017e-06
7720.0	1.277607520918678e-06
7722.12451171875	1.2542438481156844e-06
7730.0	1.0694994068374603e-06
7732.12744140625	1.020074887909833e-06
7740.0	8.015480558104241e-07
7742.1298828125	7.425749120919008e-07
7750.0	5.646581854275117e-07
7752.1328125	5.168214572593388e-07
7760.0	4.088273275235551e-07
7762.13525390625	3.7958787854007737e-07
7770.0	3.2753466721989935e-07
7772.13818359375	3.13464639219769e-07
7780.0	2.613478019442788e-07
7782.140625	2.4728733824677237e-07
7790.0	2.3230557896412251e-07
7792.1435546875	2.2819503133261106e-07
7800.0	2.1812012967362396e-07
7802.14599609375	2.1542500811714128e-07
7810.0	1.9329476135621456e-07
7812.14892578125	1.872331010705151e-07
7820.0	1.8684015410253022e-07
7822.1513671875	1.8676849541007956e-07
7830.0	1.7311201970326434e-07
7832.154296875	1.6938349410306463e-07
7840.0	1.5549802486704226e-07
7842.1572265625	1.5169865531375946e-07
7850.0	1.4647251662226456e-07
7852.15966796875	1.4506836695249426e-07
7860.0	1.4689122884179455e-07
7862.16259765625	1.473627458165932e-07
7870.0	1.35576499552137e-07
7872.1650390625	1.3236240154585427e-07
7880.0	1.4673681626919006e-07
7882.16796875	1.506678507620539e-07
7890.0	1.479295193777743e-07
7892.17041015625	1.4717393715196584e-07
7900.0	1.444285987178838e-07
7902.17333984375	1.436981376302909e-07
7910.0	1.4088050932945087e-07
7912.17578125	1.4007247410653865e-07
7920.0	1.3793988798740443e-07
7922.1787109375	1.3737566386255403e-07
7930.0	1.4100880170048432e-07
7932.18115234375	1.4198930233267825e-07
7940.0	1.376163932037453e-07
7942.18408203125	1.3640076678002065e-07
7950.0	1.42897736034799e-07
7952.1865234375	1.447343437123905e-07
7960.0	1.550880337962465e-07
7962.189453125	1.5794523418238354e-07
7970.0	1.7908373499694563e-07
7972.19189453125	1.8498535371097153e-07
7980.0	1.9636262409963943e-07
7982.19482421875	1.9958707344862684e-07
7990.0	2.2040108620832702e-07
7992.19775390625	2.2620000658756412e-07
8000.0	2.4838796043346136e-07
8002.2001953125	2.546132335099609e-07
8010.0	2.5479519389136195e-07
8012.203125	2.5480107347763394e-07
8020.0	2.864737695127042e-07
8022.20556640625	2.953848791833602e-07
8030.0	2.969552025607991e-07
8032.20849609375	2.9746498398719354e-07
8040.0	3.5177240107569257e-07
8042.2109375	3.6703711617117234e-07
8050.0	4.190927097294028e-07
8052.2138671875	4.338043664332728e-07
8060.0	5.02243599627448e-07
8062.21630859375	5.217193682873267e-07
8070.0	6.003729327649688e-07
8072.21923828125	6.225647591901298e-07
8080.0	6.84393468354232e-07
8082.2216796875	7.019453577874105e-07
8090.0	7.494866910185339e-07
8092.224609375	7.631581824783705e-07
8100.0	7.738234733567762e-07
8102.2275390625	7.767027269757031e-07
8110.0	7.867696983273075e-07
8112.22998046875	7.896368097669126e-07
8120.0	8.540967827539271e-07
8122.23291015625	8.726899679892335e-07
8130.0	1.340104365948213e-06
8132.2353515625	1.473673953833609e-06
8140.0	2.2183187328061126e-06
8142.23828125	2.4317343407954177e-06
8150.0	3.2420699965089404e-06
8152.24072265625	3.475361351438521e-06
8160.0	4.092350553351148e-06
8162.24365234375	4.268993829896428e-06
8170.0	4.442385166583539e-06
8172.24609375	4.49227733137199e-06
8180.0	3.837233541688286e-06
8182.2490234375	3.6490722080289684e-06
8190.0	2.7744894312103786e-06
8192.251953125	2.5210977254921084e-06
8200.0	1.7608507054484605e-06
8202.25390625	1.5410228850226254e-06
8210.0	9.562801306471188e-07
8212.2568359375	7.870469967914781e-07
8220.0	6.191603647144604e-07
8222.259765625	5.702784701769831e-07
8230.0	6.349986165263719e-07
8232.2626953125	6.538919888843129e-07
8240.0	7.722474841946331e-07
8242.2646484375	8.068738771113903e-07
8250.0	9.536569361271274e-07
8252.267578125	9.962872751035485e-07
8260.0	1.2299789518648709e-06
8262.2705078125	1.2982315552650937e-06
8270.0	1.6955527564251032e-06
8272.2734375	1.8121713447518085e-06
8280.0	2.1905106137612445e-06
8282.2763671875	2.3009927482823055e-06
8290.0	2.6044647479336166e-06
8292.2783203125	2.693490810209165e-06
8300.0	2.744814658378185e-06
8302.28125	2.7598810591875357e-06
8310.0	2.4730061727441894e-06
8312.2841796875	2.3890592087845405e-06
8320.0	1.9640328399327726e-06
8322.287109375	1.8382084616642576e-06
8330.0	1.3763150096319266e-06
8332.2890625	1.2399662617124569e-06
8340.0	9.091759193206684e-07
8342.2919921875	8.115535625934559e-07
8350.0	5.976612280143266e-07
8352.294921875	5.341505228305221e-07
8360.0	4.4164809354256177e-07
8362.2978515625	4.1420999052104625e-07
8370.0	3.788227279865267e-07
8372.2998046875	3.683120060947835e-07
8380.0	3.307722755583645e-07
8382.302734375	3.1967486014063034e-07
8390.0	3.0910361638946185e-07
8392.3056640625	3.0588426235879584e-07
8400.0	3.0558452028865326e-07
8402.30859375	3.0554359043299236e-07
8410.0	3.1636762342694307e-07
8412.310546875	3.1967034999608825e-07
8420.0	3.3233718608881297e-07
8422.3134765625	3.3605877627293033e-07
8430.0	4.237385359777968e-07
8432.31640625	4.50124472414543e-07
8440.0	5.844375644297201e-07
8442.3193359375	6.248130129356105e-07
8450.0	7.970305040676016e-07
8452.322265625	8.490688250370897e-07
8460.0	1.00320378659872e-06
8462.32421875	1.0494823064867814e-06
8470.0	1.1591469057395475e-06
8472.3271484375	1.1922520267196987e-06
8480.0	1.145491105306155e-06
8482.330078125	1.1313472253823735e-06
8490.0	1.062165468253038e-06
8492.3330078125	1.0414389597422089e-06
8500.0	2.4252793995616227e-07
8502.3349609375	1.1919267265229988e-11
8510.0	2.9575485185737046e-07
8512.337890625	3.854668604021489e-07
8520.0	3.7156572589792876e-07
8522.3408203125	3.6733960887663745e-07
8530.0	1.0572195940040661e-06
8532.34375	1.2674363355308609e-06
8540.0	4.3763150504181954e-07
8542.3466796875	1.8441975861924967e-07
8550.0	1.0038494406329539e-06
8552.3486328125	1.2539002152847867e-06
8560.0	6.832849413457537e-07
8562.3515625	5.088940892315931e-07
8570.0	4.3966446218338824e-07
8572.3544921875	4.185631023133687e-07
8580.0	4.021525636209422e-07
8582.357421875	3.9702489772628043e-07
8590.0	6.854509447269591e-07
8592.359375	7.739707577547547e-07
8600.0	4.10209107532627e-07
8602.3623046875	2.9839410240462924e-07
8610.0	7.585892519650515e-07
8612.365234375	9.004584385089947e-07
8620.0	5.073625062824946e-07
8622.3681640625	3.8594815880112336e-07
8630.0	9.104767454131238e-08
8632.3701171875	1.1103680160131217e-11
8640.0	5.273155581312172e-07
8642.373046875	6.906529252214494e-07
8650.0	4.17276241400105e-07
8652.3759765625	3.3245686436440205e-07
8660.0	3.5922659228916185e-07
8662.37890625	3.676250274313721e-07
8670.0	1.1475876433950788e-06
8672.3818359375	1.3902343038561179e-06
8680.0	6.963561324409056e-07
8682.3837890625	4.801533382759613e-07
8690.0	1.1422307099733232e-06
8692.38671875	1.3488019561945031e-06
8700.0	1.214343080996635e-06
8702.3896484375	1.1723119168800825e-06
8710.0	1.3794950595465843e-06
8712.392578125	1.4446582731583137e-06
8720.0	8.554764478036603e-07
8722.39453125	6.705209479046254e-07
8730.0	1.1817950325996236e-06
8732.3974609375	1.3422160029620849e-06
8740.0	7.926241249434934e-07
8742.400390625	6.198930525945094e-07
8750.0	4.381229739322178e-07
8752.4033203125	3.809045217124007e-07
8760.0	8.297348556158079e-07
8762.4052734375	9.713832128956607e-07
8770.0	1.3297304044745448e-06
8772.408203125	1.4425731528029343e-06
8780.0	1.5248743387480646e-06
8782.4111328125	1.5508681618295863e-06
8790.0	9.778254085669656e-07
8792.4140625	7.964297901669316e-07
8800.0	1.1827759143137613e-06
8802.416015625	1.3047788422303312e-06
8810.0	8.957996443897101e-07
8812.4189453125	7.663538881378685e-07
8820.0	1.206458966679223e-06
8822.421875	1.3459548543668083e-06
8830.0	1.2343362589017682e-06
8832.4248046875	1.1993134137952972e-06
8840.0	1.3879184861174937e-06
8842.427734375	1.4480457312258077e-06
8850.0	1.0299127429302219e-06
8852.4296875	8.96412755911676e-07
8860.0	1.1992567810964069e-06
8862.4326171875	1.2960570599705614e-06
8870.0	8.118425276643427e-07
8872.435546875	6.569547518729332e-07
8880.0	8.575226212676422e-07
8882.4384765625	9.21670511687361e-07
8890.0	1.2049565277472267e-06
8892.4404296875	1.2958779206162655e-06
8900.0	5.282882570902697e-07
8902.443359375	2.815377378379239e-07
8910.0	8.093434015145587e-07
8912.4462890625	9.79251077835213e-07
8920.0	9.132813759496079e-07
8922.44921875	8.919984021855407e-07
8930.0	8.817476087147754e-07
8932.4521484375	8.784245521227309e-07
8940.0	5.649262989278951e-07
8942.4541015625	4.6368843871989917e-07
8950.0	7.106243235920571e-07
8952.45703125	7.90435439543094e-07
8960.0	6.006784731434413e-07
8962.4599609375	5.391546448670851e-07
8970.0	4.3671794471888185e-07
8972.462890625	4.0345459362461063e-07
8980.0	3.5911543554096343e-07
8982.46484375	3.446994722312992e-07
8990.0	8.505287473439099e-07
8992.4677734375	1.0151428419675629e-06
9000.0	7.430003404940936e-07
9002.470703125	6.540821373044567e-07
9010.0	3.226564780530545e-07
9012.4736328125	2.1465328536314188e-07
9020.0	4.517204541740856e-07
9022.4765625	5.290655214790965e-07
9030.0	4.143066024280814e-07
9032.478515625	3.768479657417436e-07
9040.0	6.232509018851117e-07
9042.4814453125	7.039416436507258e-07
9050.0	4.4466138873803613e-07
9052.484375	3.5961063956689175e-07
9060.0	6.010718616205266e-07
9062.4873046875	6.803783280534236e-07
9070.0	2.517744823955512e-07
9072.4892578125	1.1082793056240231e-07
9080.0	2.3566001329966152e-07
9082.4921875	2.768287203351321e-07
9090.0	2.2057115924205202e-07
9092.4951171875	2.0194797762469707e-07
9100.0	3.539088202475702e-07
9102.498046875	4.040871124563243e-07
9110.0	4.5627896519786495e-07
9112.5	4.7352529688538137e-07
9120.0	4.58978312704145e-07
9122.5029296875	4.5415335897731353e-07
9130.0	4.813205500367261e-07
9132.505859375	4.90317323633496e-07
9140.0	3.956318453328388e-07
9142.5087890625	3.6418749492462487e-07
9150.0	2.1390367954160232e-07
9152.5107421875	1.6395128318307228e-07
9160.0	1.4656791191419058e-07
9162.513671875	1.4077957104753133e-07
9170.0	1.337012512777181e-07
9172.5166015625	1.3133915496868685e-07
9180.0	1.9559353947359295e-07
9182.51953125	2.1708783766240333e-07
9190.0	4.651150237487494e-07
9192.5224609375	5.479463827142836e-07
9200.0	3.202416907747628e-07
9202.5244140625	2.440102577171106e-07
9210.0	4.5074298670301453e-07
9212.52734375	5.199416151731922e-07
9220.0	3.6040088015229143e-07
9222.5302734375	3.0690297115758657e-07
9230.0	7.71466330581684e-08
9232.533203125	7.634935744180805e-12
9240.0	1.637569288627247e-07
9242.53515625	2.1880797292130094e-07
9250.0	2.612751429215471e-07
9252.5380859375	2.755635810653019e-07
9260.0	3.394011124529331e-07
9262.541015625	3.609109706318812e-07
9270.0	2.1008736713419967e-07
9272.5439453125	1.5916480355463644e-07
9280.0	3.1015500217232864e-07
9282.546875	3.611868734339548e-07
9290.0	1.7818453619478368e-07
9292.548828125	1.162526887178492e-07
9300.0	2.017258175621399e-07
9302.5517578125	2.3073645731155545e-07
9310.0	5.903713144664204e-08
9312.5546875	7.240885985739112e-10
9320.0	1.6317954485244826e-07
9322.5576171875	2.1836424626774465e-07
9330.0	1.5115458945867874e-07
9332.5595703125	1.2829323415543057e-07
9340.0	1.0544139928425632e-07
9342.5625	9.765659407976407e-08
9350.0	1.9959907156000747e-07
9352.5654296875	2.343456120794977e-07
9360.0	5.964798713900512e-08
9362.568359375	6.643923629959037e-12
9370.0	6.413381960075051e-08
9372.5703125	8.6043437955225e-08
9380.0	2.1938443530032e-08
9382.5732421875	6.483807527579744e-12
9390.0	7.597771693739523e-08
9392.576171875	1.0199852042197631e-07
9400.0	1.2651673672792565e-07
9402.5791015625	1.348836443218347e-07
9410.0	1.3890269198646738e-07
9412.58203125	1.4027371087845912e-07
9420.0	6.641567579674155e-08
9422.583984375	4.104912596522032e-08
9430.0	1.1825406528312426e-07
9432.5869140625	1.4481389720015467e-07
9440.0	1.3136665020683453e-07
9442.58984375	1.2672680202616696e-07
9450.0	4.5883754450459755e-08
9452.5927734375	1.7999348550273624e-08
9460.0	1.1795380956136246e-07
9462.5947265625	1.5244883462649624e-07
9470.0	1.4698405138606045e-07
9472.59765625	1.4508573830497592e-07
9480.0	1.249522513756418e-07
9482.6005859375	1.1797752058446453e-07
9490.0	1.3240624058911446e-07
9492.603515625	1.3739478407157206e-07
9500.0	2.2021711268281285e-07
9502.6064453125	2.4933119790821395e-07
9510.0	1.7186411659565896e-07
9512.6083984375	1.4479740268066175e-07
9520.0	1.1247537632867132e-07
9522.611328125	1.0116687769452738e-07
9530.0	7.777909190738501e-08
9532.6142578125	6.95852360460382e-08
9540.0	9.291423272864057e-08
9542.6171875	1.0109261203744995e-07
9550.0	6.864933566873368e-08
9552.619140625	5.725752434235703e-08
9560.0	3.861978887367311e-08
9562.6220703125	3.206755582897522e-08
9570.0	1.4457754487377216e-08
9572.625	8.259387891777162e-09
9580.0	6.699382430561386e-08
9582.6279296875	8.769051346512835e-08
9590.0	2.2877818666527026e-08
9592.630859375	4.967094959565845e-12
9600.0	3.277207201844986e-08
9602.6328125	4.435277178204509e-08
9610.0	5.610806166516662e-08
9612.6357421875	6.023287316252119e-08
9620.0	1.1260116797598441e-07
9622.638671875	1.3114966676562494e-07
9630.0	1.3244067156075017e-07
9632.6416015625	1.328908650534549e-07
9640.0	6.926451201126322e-08
9642.6435546875	4.668862662125198e-08
9650.0	1.0578938627835847e-07
9652.646484375	1.2677522584239967e-07
9660.0	7.097401697772866e-08
9662.6494140625	5.1125450784575286e-08
9670.0	2.9674919970506214e-08
9672.65234375	2.2035022923429475e-08
9680.0	7.018937789061912e-08
9682.6552734375	8.735439481520369e-08
9690.0	9.14559132471097e-08
9692.6572265625	9.29142755960552e-08
9700.0	9.055335748960119e-08
9702.66015625	8.970443056257479e-08
9710.0	8.038078634959583e-08
9712.6630859375	7.704065393614037e-08
9720.0	4.8806498886794534e-08
9722.666015625	3.86913144862765e-08
9730.0	6.44175740665726e-08
9732.66796875	7.363505612212881e-08
9740.0	4.065109075229296e-08
9742.6708984375	2.881208916761457e-08
9750.0	6.338392248710309e-08
9752.673828125	7.580031829366896e-08
9760.0	1.3434549280327368e-07
9762.6767578125	1.5539477956265804e-07
9770.0	9.060867293085108e-08
9772.6796875	6.72698112149942e-08
9780.0	6.709156698116254e-08
9782.681640625	6.702194126645974e-08
9790.0	7.943893887686718e-08
9792.6845703125	8.391237201324989e-08
9800.0	6.051132624809703e-08
9802.6875	5.204520676241636e-08
9810.0	3.99730930141948e-08
9812.6904296875	3.5606330752315924e-08
9820.0	2.2411446350995853e-08
9822.6923828125	1.763681561819125e-08
9830.0	5.2458865390844825e-08
9832.6953125	6.506757698647468e-08
9840.0	6.635329223767787e-08
9842.6982421875	6.681267742882248e-08
9850.0	6.308601193024323e-08
9852.701171875	6.172656918178507e-08
9860.0	2.07521553418632e-08
9862.703125	5.866938267173515e-09
9870.0	9.39780150428912e-09
9872.7060546875	1.0680362000422072e-08
9880.0	4.0807437558255023e-08
9882.708984375	5.176643583631457e-08
9890.0	5.015184023665019e-08
9892.7119140625	4.955727653470895e-08
9900.0	4.912132184964953e-08
9902.71484375	4.894164289041208e-08
9910.0	2.770928038045523e-08
9912.716796875	1.99724244814787e-08
9920.0	3.261229661207842e-08
9922.7197265625	3.7222979414036585e-08
9930.0	3.4509763799072926e-08
9932.72265625	3.3512831298501444e-08
9940.0	4.6113157036259606e-08
9942.7255859375	5.0714932268189206e-08
9950.0	4.7791669965748115e-08
9952.7275390625	4.671366881123267e-08
9960.0	1.25254710682319e-08
9962.73046875	2.6433609502769535e-12
9970.0	3.796873743461705e-08
9972.7333984375	5.1876536072315226e-08
9980.0	4.3918192488030405e-08
9982.736328125	4.099045141255139e-08
9990.0	3.547282969353696e-08
9992.7392578125	3.344017159295951e-08
10000.0	2.153693970187544e-08
10002.7412109375	1.718125445362332e-08
10010.0	3.365597594586707e-08
10012.744140625	3.9727797486945135e-08
10020.0	3.654672456280627e-08
10022.7470703125	3.5365838596814936e-08
10030.0	2.0145244373711755e-08
10032.75	1.4513062942164922e-08
10040.0	5.173895594805557e-08
10042.751953125	6.549433701005972e-08
10050.0	3.85781426899634e-08
10052.7548828125	2.8614161327593853e-08
10060.0	7.732956268975484e-09
10062.7578125	2.03031466052788e-12
10070.0	1.5587793812511306e-08
10072.759765625	2.1355167321262046e-08
10080.0	4.0477723879158155e-08
10082.7626953125	4.755182646648324e-08
10090.0	1.8978535047844638e-08
10092.765625	8.382806477280044e-09
10100.0	2.6454761380942693e-08
10102.7685546875	3.314944919303099e-08
10110.0	2.0407755093710687e-08
10112.771484375	1.567451653243394e-08
10120.0	2.4616184713637017e-08
10122.7744140625	2.791880919968176e-08
10130.0	2.4430001031001543e-08
10132.77734375	2.3134836155738666e-08
10140.0	1.4271002035533095e-08
10142.779296875	1.0975477462689817e-08
10150.0	2.4319098947049333e-08
10152.7822265625	2.9263294232580556e-08
10160.0	9.621980321702586e-09
10162.78515625	2.3264482896537587e-09
10170.0	1.1794924509870523e-08
10172.7880859375	1.5304458591901402e-08
10180.0	7.558735666078165e-09
10182.7900390625	4.681404802255863e-09
10190.0	9.557894553219978e-09
10192.79296875	1.1361214527680787e-08
10200.0	1.208086370929417e-08
10202.7958984375	1.240729763779952e-08
10210.0	1.591299497886904e-08
10212.7978515625	1.7239649956565148e-08
10220.0	1.8224199386571433e-08
10222.80078125	1.859309810046604e-08
10230.0	1.4144865031462617e-08
10232.8037109375	1.2457102280317302e-08
10240.0	1.4210193517973927e-08
10242.806640625	1.4871371310204238e-08
10250.0	1.3563109427630533e-08
10252.80859375	1.3063889350881957e-08
10260.0	9.901556282336207e-09
10262.8115234375	8.699663486028101e-09
10270.0	7.665803922466997e-09
10272.8154296875	7.2689947333099664e-09
10280.0	3.467720532083927e-09
10282.8173828125	2.0256157687942195e-09
10290.0	4.5768406154412095e-09
10292.8203125	5.544373695809486e-09
10300.0	7.567893784336431e-09
10302.8232421875	8.334187441275196e-09
10310.0	2.296208293320223e-09
10312.826171875	8.776465299487113e-13
10320.0	4.269579420814935e-09
10322.828125	5.889855466878748e-09
10330.0	4.586468362257942e-09
10332.8310546875	4.0894234568400016e-09
10340.0	1.126799538649385e-09
10342.833984375	7.821186961654246e-13
10350.0	2.0315187362027933e-09
10352.8359375	2.8016659247844233e-09
10360.0	3.501241474179053e-09
10362.8388671875	3.7649672599863675e-09
10370.0	1.0364337840463473e-09
10372.841796875	6.866306665478666e-13
10380.0	1.3056941178327297e-09
10382.84375	1.7995203601966824e-09
10390.0	4.949453216202327e-10
10392.8466796875	6.235829546886297e-13
10400.0	2.1005197217332772e-09
10402.849609375	2.913540560278498e-09
10410.0	8.144818774059574e-10
10412.8525390625	5.796045750797933e-13
10420.0	6.513410876036212e-10
10422.85546875	9.039332532182217e-10
10430.0	2.133911284190514e-09
10432.8583984375	2.611409131948491e-09
10440.0	7.571436920866362e-10
10442.861328125	3.5908268589885304e-11
10450.0	1.0428156677435956e-11
10452.86328125	5.149322457809264e-13
10460.0	9.38225567277418e-10
10462.8662109375	1.3028097948865116e-09
10470.0	3.6545866605887747e-10
10472.869140625	4.824234760696914e-13
10480.0	4.710082263237982e-13
10482.8720703125	4.664134032343218e-13
10490.0	5.72651842348318e-10
10492.8740234375	7.952588701877612e-10
10500.0	2.2326200904652865e-10
10502.876953125	4.343198056280467e-13
10510.0	2.056630835498371e-10
10512.8798828125	2.855135183080935e-10
10520.0	1.3891142290016528e-09
10522.8818359375	1.818222051730331e-09
10530.0	5.099067191830327e-10
10532.884765625	3.8627009189713904e-13
10540.0	3.7499394873913916e-13
10542.8876953125	3.7042086260087125e-13
10550.0	3.5916679202721926e-13
10552.890625	3.544775567142508e-13
10560.0	3.429665989545699e-13
10562.892578125	3.3840570650622754e-13
10570.0	1.606459935643383e-10
10572.896484375	2.2283149170653506e-10
10580.0	6.257362541592982e-11
10582.8994140625	3.0691843829052933e-13
10590.0	5.816452928552143e-10
10592.9013671875	8.065817217152231e-10
10600.0	2.2543629292145972e-10
10602.904296875	2.781073335499676e-13
10610.0	2.732787603130152e-13
10612.9072265625	2.7139646206836693e-13
10620.0	3.1147204229394565e-10
10622.91015625	4.360634812928479e-10
10630.0	1.2495242917974518e-10
10632.912109375	2.584715383344953e-13
10640.0	2.5390368886302565e-13
10642.9150390625	2.5194048530342846e-13
10650.0	7.561881914087752e-10
10652.91796875	1.0594354281885697e-09
10660.0	1.147538709323169e-09
10662.919921875	1.182689266271918e-09
10670.0	3.3919103907296915e-10
10672.9228515625	2.3249103001576973e-13
10680.0	7.048069000959621e-10
10682.92578125	9.879287502534603e-10
10690.0	2.8363672131362106e-10
10692.9287109375	2.1964904880776918e-13
10700.0	8.499856293904266e-10
10702.9306640625	1.1917606107916493e-09
10710.0	4.933907739120758e-10
10712.93359375	2.1208686996266014e-10
10720.0	6.105702133996204e-11
10722.9365234375	2.0043154286982524e-13
10730.0	5.756730355773125e-10
10732.939453125	8.071547959791977e-10
10740.0	2.319176811949909e-10
10742.9423828125	1.875805018970197e-13
10750.0	1.7605394714425972e-10
10752.9453125	2.4692923283388503e-10
10760.0	7.112695838967559e-11
10762.9482421875	1.7501771137732346e-13
10770.0	1.7060150117610306e-13
10772.9501953125	1.6869620594520756e-13
10780.0	1.641526737477974e-13
10782.953125	1.6231102914036148e-13
10790.0	5.942455721867748e-10
10792.9560546875	8.336298754260066e-10
10800.0	3.732963424746154e-10
10802.9580078125	1.880682954070085e-10
10810.0	2.504272879782335e-10
10812.9609375	2.7565806354686025e-10
10820.0	2.5948977952236276e-10
10822.9638671875	2.5291759334325084e-10
10830.0	7.335787445953362e-11
10832.966796875	1.3608095532942145e-13
10840.0	2.8390815608097633e-10
10842.96875	3.9934381920587383e-10
10850.0	1.1567491871061092e-10
10852.9716796875	1.2661091327850211e-13
10860.0	1.233507175216338e-13
10862.974609375	1.219724495776733e-13
10870.0	2.041141541869926e-10
10872.9765625	2.871760497306376e-10
10880.0	8.327310190543008e-11
10882.98046875	1.1268368383354776e-13
10890.0	3.3549966918740295e-10
10892.9833984375	4.720470851507146e-10
10900.0	1.9423703201276442e-10
10902.986328125	8.092396633201386e-11
10910.0	2.3495809102349953e-11
10912.98828125	9.880395829190077e-14
10920.0	2.0683792570338147e-10
10922.9912109375	2.907084476591651e-10
10930.0	2.0705769592153103e-10
10932.994140625	1.7300816116448985e-10
10940.0	5.0039875233568593e-11
10942.99609375	8.500122194185237e-14
10950.0	8.261179968436471e-11
10952.9990234375	1.1594603012565342e-10
10960.0	3.344892120805399e-11
10963.001953125	7.583246933212977e-14
10970.0	7.26703980283981e-14
10973.0048828125	7.13141017218952e-14
10980.0	6.815972757839259e-14
10983.0068359375	6.678042978319022e-14
10990.0	2.643179871725474e-10
10993.009765625	3.699909445737001e-10
11000.0	1.0584500821836821e-10
11003.0126953125	5.81913575212675e-14
11006.0263671875	0.0
