# Effective Radii [Microns]
3.5481e-04
3.7584e-04
3.9811e-04
4.2170e-04
4.4668e-04
4.7315e-04
5.0119e-04
5.3088e-04
5.6234e-04
5.9566e-04
6.3096e-04
6.6834e-04
7.0795e-04
7.4989e-04
7.9433e-04
8.4140e-04
8.9125e-04
9.4406e-04
1.0000e-03
1.0593e-03
1.1220e-03
1.1885e-03
1.2589e-03
1.3335e-03
1.4125e-03
1.4962e-03
1.5849e-03
1.6788e-03
1.7783e-03
1.8836e-03
1.9953e-03
2.1135e-03
2.2387e-03
2.3714e-03
2.5119e-03
2.6607e-03
2.8184e-03
2.9854e-03
3.1623e-03
3.3497e-03
3.5481e-03
3.7584e-03
3.9811e-03
4.2170e-03
4.4668e-03
4.7315e-03
5.0119e-03
5.3088e-03
5.6234e-03
5.9566e-03
6.3096e-03
6.6834e-03
7.0795e-03
7.4989e-03
7.9433e-03
8.4140e-03
8.9125e-03
9.4406e-03
1.0000e-02
1.0593e-02
1.1220e-02
1.1885e-02
1.2589e-02
1.3335e-02
1.4125e-02
1.4962e-02
1.5849e-02
1.6788e-02
1.7783e-02
1.8836e-02
1.9953e-02
2.1135e-02
2.2387e-02
2.3714e-02
2.5119e-02
2.6607e-02
2.8184e-02
2.9854e-02
3.1623e-02
3.3497e-02
3.5481e-02
3.7584e-02
3.9811e-02
4.2170e-02
4.4668e-02
4.7315e-02
5.0119e-02
5.3088e-02
5.6234e-02
5.9566e-02
6.3096e-02
6.6834e-02
7.0795e-02
7.4989e-02
7.9433e-02
8.4139e-02
8.9125e-02
9.4406e-02
1.0000e-01
1.0593e-01
1.1220e-01
1.1885e-01
1.2589e-01
1.3335e-01
1.4125e-01
1.4962e-01
1.5849e-01
1.6788e-01
1.7783e-01
1.8836e-01
1.9953e-01
2.1135e-01
2.2387e-01
2.3714e-01
2.5119e-01
2.6607e-01
2.8184e-01
2.9854e-01
3.1623e-01
3.3497e-01
3.5481e-01
3.7584e-01
3.9811e-01
4.2170e-01
4.4668e-01
4.7315e-01
5.0119e-01
5.3088e-01
5.6234e-01
5.9566e-01
6.3096e-01
6.6834e-01
7.0795e-01
7.4989e-01
7.9433e-01
8.4139e-01
8.9125e-01
9.4406e-01
1.0000e+00
1.0593e+00
1.1220e+00
1.1885e+00
1.2589e+00
1.3335e+00
1.4125e+00
1.4962e+00
1.5849e+00
1.6788e+00
1.7783e+00
1.8836e+00
1.9953e+00
2.1135e+00
2.2387e+00
2.3714e+00
2.5119e+00
2.6607e+00
2.8184e+00
2.9854e+00
3.1623e+00
3.3497e+00
3.5481e+00
3.7584e+00
3.9811e+00
4.2170e+00
4.4668e+00
4.7315e+00
5.0119e+00
